  60  16  -8  -2  38  99 155 187 202 209 198 167                     90101801011
 124  84  57  53  78 126 175 205 216 215 192 145                     90101801012
  93  40  -5 -26 -11  39 107 159 189 209 216 199                     90101801021
 160 114  73  47  51  85 139 189 216 226 220 188                     90101801022
 138  85  32 -13 -30  -8  49 118 168 196 213 215                     90101801031
 193 153 107  66  46  56  96 152 197 220 226 214                     90101801032
 178 127  72  20 -21 -29   3  68 135 178 201 215                     90101801041
 213 185 141  95  60  50  71 117 170 207 222 224                     90101801042
 209 171 120  69  22  -8  -5  35 100 158 191 209                     90101801051
 218 208 175 132  91  64  62  88 134 182 212 219                     90101801052
 215 195 156 111  66  26   3  13  56 117 166 190                     90101801061
 202 204 187 151 112  83  66  69  96 135 173 198                     90101801062
 205 199 176 138 101  66  38  30  49  91 142 176                     90101801071
 191 197 193 174 144 112  86  76  85 110 143 173                     90101801072
 190 194 189 172 144 114  87  67  69  94 130 165                     90101801081
 187 195 198 194 179 155 127 106  98 102 118 140                     90101801082
 164 184 191 183 163 138 116  93  74  72  91 122                     90101801091
 154 183 194 189 181 165 142 118  97  86  89 104                     90101801092
 126 147 164 175 173 166 152 132 115 104 105 120                     90101801101
 142 166 182 186 182 175 161 140 116  95  78  73                     90101801102
  83  99 119 143 159 160 154 144 130 114 101 100                     90101801111
 108 123 142 159 169 171 162 149 131 109  85  66                     90101801112
  61  67  83 109 139 156 158 155 149 134 115  98                     90101801121
  90  95 111 134 158 172 174 166 149 124  96  71                     90101801122
  51  43  52  76 110 143 160 163 160 151 134 110                     90101801131
  88  80  87 106 133 160 175 175 166 145 113  81                     90101801132
  52  30  25  43  80 122 151 164 167 163 147 125                     90101801141
 102  80  71  82 110 145 170 181 183 170 141 104                     90101801142
  70  40  21  25  54  99 141 165 177 183 178 156                     90101801151
 125  95  75  75  98 134 171 195 203 197 174 137                     90101801152
  98  61  29  18  34  74 126 164 185 196 197 181                     90101801161
 153 120  90  77  89 124 166 200 217 222 211 179                     90101801162
 135  92  52  26  29  61 112 159 188 206 215 207                     90101801171
 183 146 106  77  74  95 134 175 203 215 210 183                     90101801172
 143 100  58  24  12  28  70 126 171 194 205 207                     90101801181
 191 154 112  78  61  69 102 149 191 211 213 200                     90101801182
 168 124  80  39  11   9  39  93 148 182 197 203                     90101801191
 195 169 131  91  63  58  81 124 171 202 212 210                     90101801192
 190 150 105  62  26  11  25  67 123 169 193 203                     90101801201
 202 185 150 109  75  57  64  96 145 187 207 210                     90101801202
 201 172 129  87  49  23  21  47  95 147 180 195                     90101801211
 200 192 165 126  90  65  58  76 115 160 190 202                     90101801212
 204 191 158 117  80  50  35  47  85 135 175 195                     90101801221
 204 203 186 154 119  91  73  75  98 134 171 197                     90101801222
 206 201 183 151 115  81  55  50  69 103 144 179                     90101801231
 195 195 187 168 137 106  80  64  70  95 126 158                     90101801232
 184 192 180 157 129 100  73  53  53  76 108 141                     90101801241
 169 179 177 166 146 119  91  68  60  69  90 117                     90101801242
 144 163 168 161 147 125 100  80  69  73  93 123                     90101801251
 151 167 171 169 163 148 125 100  78  65  65  79                     90101801252
 105 135 159 168 164 156 140 117  95  82  81  94                     90101801261
 117 143 163 170 168 161 147 125  99  73  52  46                     90101801262
  58  82 115 144 159 164 163 153 136 118 102  95                     90101801271
 103 124 147 166 176 180 176 164 141 112  81  53                     90101801272
  40  49  77 117 152 169 177 180 173 156 133 110                     90101801281
  96 100 118 144 170 188 197 195 178 146 110  72                     90101801282
  39  23  32  65 113 157 182 191 192 184 163 132                     90101801291
  99  76  75  95 130 169 197 208 205 184 145 101                     90101801292
  58  20   0   9  50 108 155 181 197 205 193 162                     90101801301
 122  84  61  61  87 134 180 204 215 212 187 143                     90101801302
  92  42  -1 -19   1  56 121 165 191 209 214 194                     90101801311
 155 108  68  48  57  95 148 191 216 229 223 187                     90101801312
 134  79  26 -15 -27   1  65 134 178 204 220 218                     90101802011
 189 142  93  55  37  54 100 156 197 218 231 221                     90101802012
 176 117  63  13 -20 -21  18  87 152 190 213 224                     90101802021
 210 171 120  73  40  34  61 115 171 206 223 228                     90101802022
 210 164 109  58  13 -13  -3  47 116 169 198 216                     90101802031
 220 197 152 102  60  35  37  71 126 179 210 222                     90101802032
 218 191 145  94  48  10  -5  17  70 136 184 205                     90101802041
 209 202 172 127  84  49  30  43  84 138 179 198                     90101802042
 204 196 167 123  81  44  16  16  50 104 157 188                     90101802051
 198 196 181 147 106  72  47  41  64 104 147 179                     90101802052
 191 190 178 149 112  80  51  38  53  90 135 170                     90101802061
 185 189 185 167 134  98  70  54  56  77 109 143                     90101802062
 167 174 169 154 131 105  84  70  68  82 114 148                     90101802071
 170 177 174 164 145 119  94  74  63  68  87 112                     90101802072
 137 156 161 154 145 133 117 101  91  94 110 131                     90101802081
 153 166 167 163 154 140 121 101  85  77  77  85                     90101802082
 101 122 142 149 144 140 137 130 119 109 108 117                     90101802091
 131 147 159 164 163 156 145 130 114  98  86  79                     90101802092
  81  92 113 136 149 151 151 152 146 137 126 118                     90101802101
 119 130 144 153 161 167 163 149 134 118  97  77                     90101802102
  69  72  84 103 127 150 158 157 154 144 126 107                     90101802111
  92  89  98 116 138 156 169 169 156 137 116  91                     90101802112
  67  50  48  68 100 134 160 170 171 166 151 127                     90101802121
 101  84  82  95 119 147 172 185 183 166 136 102                     90101802122
  71  42  27  36  68 111 149 169 177 179 170 146                     90101802131
 114  84  66  69  90 124 159 182 189 181 158 124                     90101802132
  86  49  22  18  41  84 132 165 181 189 188 169                     90101802141
 136 102  76  68  84 118 159 192 208 210 193 159                     90101802142
 118  76  37  18  28  64 116 164 190 201 202 186                     90101802151
 153 111  74  52  53  83 130 172 198 209 202 175                     90101802152
 129  82  41  10   4  30  82 138 175 194 203 197                     90101802161
 170 127  84  53  44  64 109 159 196 214 220 207                     90101802162
 168 117  71  30   6  14  52 111 163 190 200 199                     90101802171
 179 137  89  51  24  23  58 114 167 195 204 200                     90101802172
 176 130  81  39   5  -2  25  79 137 175 195 204                     90101802181
 196 165 119  74  40  27  45  92 147 183 202 211                     90101802182
 200 164 112  66  30   9  16  56 115 163 188 203                     90101802191
 204 184 144  97  60  35  35  65 115 163 191 203                     90101802192
 205 183 139  93  55  27  18  41  93 148 181 198                     90101802201
 206 197 168 122  80  52  36  46  86 137 176 196                     90101802202
 204 200 177 135  92  61  41  46  79 127 170 192                     90101802211
 200 199 183 149 108  72  47  38  57  98 143 174                     90101802212
 187 190 181 156 120  88  66  59  74 110 151 180                     90101802221
 192 195 190 170 137 102  74  57  58  77 109 145                     90101802222
 169 178 179 170 151 127 104  88  86 102 130 160                     90101802231
 180 187 186 178 160 134 107  83  63  59  73 101                     90101802232
 133 156 164 165 161 153 137 117 103 100 110 131                     90101802241
 153 168 173 173 170 159 138 114  89  69  60  64                     90101802242
  82 111 140 156 162 163 160 150 135 118 107 108                     90101802251
 121 137 153 167 176 174 164 146 124  98  72  52                     90101802252
  48  59  86 122 151 165 171 173 166 149 126 105                     90101802261
  95  99 113 135 159 177 185 178 160 131  99  64                     90101802262
  36  25  37  71 115 152 172 184 189 179 155 124                     90101802271
  94  76  79  98 131 166 190 200 197 177 139  97                     90101802272
  55  20   5  20  65 119 160 184 201 204 187 156                     90101802281
 118  84  68  79 115 164 209 236 241 232 206 162                     90101802282
 116  70  29  11  26  73 137 188 213 222 218 193                     90101803011
 147 100  61  38  46  88 145 197 227 234 225 190                     90101803012
 137  83  32  -7 -12  25  91 152 188 209 219 206                     90101803021
 165 111  64  31  22  48 103 163 201 220 228 213                     90101803022
 168 109  57  11 -15  -4  47 115 169 200 218 220                     90101803031
 194 144  91  48  22  25  66 128 180 207 225 229                     90101803032
 203 152  98  51  11  -3  24  84 149 190 215 227                     90101803041
 214 172 116  68  36  21  37  85 144 187 211 225                     90101803042
 218 184 136  89  50  24  32  79 142 191 214 228                     90101803051
 225 195 144  88  40   9   5  35  86 133 164 182                     90101803052
 186 172 134  88  51  21   8  27  73 129 169 187                     90101803061
 190 176 141  94  52  21   7  20  57 106 144 161                     90101803062
 168 167 149 116  81  53  36  40  71 114 151 173                     90101803071
 181 178 158 123  87  59  39  36  52  88 131 160                     90101803072
 172 172 163 146 122 100  85  81  96 126 156 179                     90101803081
 190 192 184 162 130 101  75  60  60  73  99 131                     90101803082
 156 166 156 141 128 110  93  85  85  96 116 138                     90101803091
 157 165 159 144 122  99  82  67  59  64  78  98                     90101803092
 120 137 141 135 130 126 120 111 104 105 115 129                     90101803101
 141 150 154 151 140 126 112  99  86  79  80  85                     90101803102
  94 109 128 139 140 138 138 137 131 122 116 115                     90101803111
 118 125 132 138 140 137 131 121 107  92  81  74                     90101803112
  71  78  92 113 134 144 146 148 144 135 121 108                     90101803121
 102 103 112 126 140 151 157 152 136 117  98  78                     90101803122
  64  61  70  91 120 147 160 164 165 157 139 116                     90101803131
  96  86  90 105 126 150 170 178 169 146 119  91                     90101803132
  64  46  45  62  95 134 162 175 179 175 157 128                     90101803141
  99  77  69  79 106 140 172 189 188 173 143 106                     90101803142
  72  44  27  33  63 110 153 177 188 191 178 150                     90101803151
 113  81  60  62  87 128 171 201 211 205 184 146                     90101803152
 105  68  40  32  50  90 140 174 189 195 187 160                     90101803161
 118  73  37  20  32  71 120 158 178 188 179 145                     90101803162
  97  51  14  -6   1  39  98 148 176 191 193 174                     90101803171
 135  89  49  24  24  56 110 161 192 208 211 189                     90101803172
 143  90  47  15   6  31  84 141 181 204 212 203                     90101803181
 170 121  72  37  20  35  83 142 186 210 223 217                     90101803182
 184 133  84  46  22  27  68 129 183 213 228 230                     90101803191
 208 163 113  72  42  35  65 122 176 207 225 229                     90101803192
 209 164 108  62  30  19  38  86 140 177 197 206                     90101803201
 194 157 106  58  22   3  13  57 113 155 182 202                     90101803202
 203 179 136  90  54  36  45  81 132 172 195 212                     90101803211
 217 196 154 108  69  40  32  55 103 160 198 214                     90101803212
 218 207 177 136  97  68  56  68 105 152 190 209                     90101803221
 214 206 177 133  91  57  33  34  63 112 159 187                     90101803222
 199 201 190 163 127  98  80  79  99 135 171 195                     90101803231
 202 200 186 156 120  86  56  40  47  75 116 153                     90101803232
 174 180 179 170 152 127 104  92  96 115 140 165                     90101803241
 184 189 184 170 145 116  90  67  54  57  76 106                     90101803242
 140 160 167 168 166 155 139 121 109 109 122 139                     90101803251
 155 168 174 171 161 143 121 100  80  65  63  72                     90101803252
  93 122 145 155 161 164 161 150 135 119 109 112                     90101803261
 122 134 147 162 174 173 161 141 119  95  72  59                     90101803262
  59  73 101 135 159 170 176 177 168 148 124 104                     90101803271
  97 102 115 135 161 183 192 184 164 135 106  76                     90101803272
  54  48  63  98 140 169 186 197 197 181 153 121                     90101803281
  93  78  83 105 140 177 202 209 202 180 145 105                     90101803282
  68  40  33  56 102 151 184 202 212 208 182 142                     90101803291
 101  70  54  64  98 146 188 211 218 211 183 137                     90101803292
  90  48  19  18  53 110 160 189 208 216 198 160                     90101803301
 111  68  39  33  56 104 155 190 210 221 210 172                     90101803302
 120  73  36  15  28  76 138 183 210 227 226 198                     90101803311
 150 100  59  34  37  75 134 184 213 232 238 216                     90101803312
 155 102  55  21  12  39  97 156 193 213 221 205                     90101804011
 165 111  63  26   9  27  77 138 183 207 221 217                     90101804012
 185 134  84  44  20  26  67 127 177 204 217 213                     90101804021
 184 133  82  40  10   6  38  95 151 185 204 211                     90101804022
 196 157 108  66  35  25  47  96 151 189 207 211                     90101804031
 194 152 101  57  22   4  18  62 120 166 190 200                     90101804032
 198 176 136  96  62  41  45  79 129 175 199 207                     90101804041
 201 173 128  83  44  15  11  37  85 135 166 182                     90101804042
 186 176 150 115  81  58  53  71 108 150 180 192                     90101804051
 191 176 145 106  71  43  30  40  72 117 154 173                     90101804052
 181 181 170 150 125 100  88  98 125 157 185 200                     90101804061
 204 195 170 136 103  75  52  45  60  92 128 156                     90101804062
 170 169 162 149 128 107  92  86  93 115 141 160                     90101804071
 170 169 156 137 112  85  61  49  55  71  93 119                     90101804072
 141 150 148 143 135 124 110  99  98 106 119 133                     90101804081
 146 153 153 143 129 112  93  76  70  74  84  99                     90101804082
 118 138 148 149 147 145 141 132 120 113 114 120                     90101804091
 126 133 139 142 138 129 117 104  91  80  75  76                     90101804092
  83  97 115 131 138 142 145 143 134 120 104  95                     90101804101
  98 106 117 130 142 150 149 138 122 106  90  77                     90101804102
  74  81  98 121 143 156 164 169 165 149 128 107                     90101804111
  96  96 107 124 145 165 177 175 159 134 110  88                     90101804112
  68  62  72  95 127 156 171 175 173 160 133 101                     90101804121
  77  64  66  86 117 149 173 180 173 154 123  91                     90101804122
  63  42  40  60  96 135 161 173 176 168 143 107                     90101804131
  71  44  35  49  83 125 158 174 178 169 143 106                     90101804132
  69  40  24  33  69 119 157 178 193 198 180 144                     90101804141
 101  65  42  44  74 124 171 199 215 218 197 157                     90101804142
 110  68  36  23  44  93 148 187 205 210 197 160                     90101804151
 110  64  27   7  20  65 127 176 201 211 207 179                     90101804152
 129  80  41  16  19  57 115 166 194 206 204 180                     90101804161
 132  78  32  -3 -10  21  81 142 180 201 208 193                     90101804162
 155 104  56  21   9  30  82 140 179 200 210 197                     90101804171
 157 101  51   7 -21 -12  36 102 156 187 206 208                     90101804172
 185 139  89  48  22  23  57 113 164 194 207 207                     90101804181
 182 133  79  32  -7 -19   6  62 126 171 195 208                     90101804182
 203 173 126  80  46  32  45  86 140 181 201 209                     90101804191
 199 163 113  63  20 -10 -11  24  85 142 176 194                     90101804192
 200 189 157 117  80  54  50  72 113 157 186 197                     90101804201
 197 180 141  95  53  17  -2   7  45  98 142 166                     90101804202
 180 184 171 143 111  80  62  69  94 128 160 179                     90101804211
 185 181 162 129  94  61  31  18  30  64 108 146                     90101804212
 164 171 172 163 144 119  95  83  91 113 138 161                     90101804221
 176 178 171 154 128 101  74  50  39  47  72 107                     90101804222
 137 151 157 161 158 146 128 109  96  97 110 128                     90101804231
 145 157 163 162 153 136 115  92  72  60  60  74                     90101804232
 100 129 149 159 168 173 167 153 137 120 111 114                     90101804241
 123 138 155 170 178 176 163 139 112  87  67  57                     90101804242
  62  81 111 141 158 166 170 165 151 128 102  83                     90101804251
  77  83 100 125 153 175 179 166 143 115  88  62                     90101804252
  45  47  69 106 144 167 178 182 175 152 119  89                     90101804261
  66  59  70  97 134 167 184 189 182 160 125  88                     90101804262
  58  40  44  75 121 160 181 195 199 183 149 108                     90101804271
  71  45  39  56  93 140 177 194 199 189 159 116                     90101804272
  76  44  26  36  76 129 169 191 200 195 170 126                     90101804281
  81  44  21  22  52 104 154 184 201 207 192 153                     90101804282
 107  68  38  30  56 107 159 192 210 214 199 159                     90101804291
 108  64  29  12  28  75 132 175 199 214 213 187                     90101804292
 143  97  59  37  44  82 136 184 210 220 215 186                     90101804301
 137  89  48  17  11  42  98 153 188 209 218 207                     90101804302
 174 127  83  52  41  61 107 161 196 213 218 201                     90101805011
 159 107  62  26   7  19  64 123 169 195 208 210                     90101805012
 192 154 110  73  54  61  94 144 189 211 220 215                     90101805021
 189 144  97  57  27  22  49  98 152 188 206 214                     90101805022
 206 177 139 102  75  64  78 114 159 197 216 213                     90101805031
 193 158 117  76  39  19  28  62 112 164 195 203                     90101805032
 203 189 158 122  90  69  69  95 134 172 196 201                     90101805041
 189 162 126  89  54  27  22  42  83 133 168 182                     90101805042
 184 179 162 134 106  84  74  87 115 148 176 188                     90101805051
 185 169 141 110  79  50  33  39  64 103 141 164                     90101805052
 171 170 164 149 127 105  89  90 108 131 156 176                     90101805061
 183 177 162 137 108  83  64  59  70  94 126 157                     90101805062
 172 175 174 167 154 136 118 109 115 129 146 161                     90101805071
 174 180 174 156 132 108  88  74  72  80  97 119                     90101805072
 143 157 157 154 152 147 135 118 107 107 115 126                     90101805081
 137 148 153 151 138 121 105  91  79  73  75  87                     90101805082
 105 125 138 143 146 145 140 129 113  99  92  95                     90101805091
 102 113 128 140 146 143 129 111  94  80  70  69                     90101805092
  77  94 118 138 149 153 153 148 134 113  93  80                     90101805101
  79  88 104 126 149 163 161 148 129 107  88  74                     90101805102
  67  74  96 126 152 166 172 172 160 137 108  81                     90101805111
  67  66  79 107 143 173 184 180 165 142 112  86                     90101805112
  66  60  75 106 145 175 189 192 187 166 133  98                     90101805121
  68  51  55  82 123 165 193 201 195 177 145 109                     90101805122
  78  57  55  79 121 166 196 209 210 196 162 119                     90101805131
  80  49  36  50  88 141 185 209 214 206 179 138                     90101805132
  97  66  48  55  89 140 185 211 219 213 186 140                     90101805141
  92  49  16  11  41  95 155 196 215 221 209 174                     90101805142
 128  86  55  44  62 107 161 202 220 224 209 169                     90101805151
 117  67  22  -3   6  49 116 172 204 221 225 205                     90101805152
 162 114  73  46  45  77 130 182 215 226 224 197                     90101805161
 148  95  44   4  -9  13  69 138 185 211 226 223                     90101805162
 196 151 104  68  51  63 102 156 204 229 234 221                     90101805171
 185 134  82  34   0  -4  28  90 156 197 218 229                     90101805172
 222 191 146 103  74  67  87 128 179 217 233 233                     90101805181
 215 175 126  79  35   8  11  48 109 166 198 212                     90101805182
 217 204 170 129  92  67  66  88 127 171 200 206                     90101805191
 199 177 136  92  50  12  -5   4  43 101 146 170                     90101805192
 183 186 173 146 113  83  67  73 100 137 172 191                     90101805201
 195 189 167 132  94  57  26  16  31  67 114 151                     90101805202
 170 180 183 173 152 124  96  83  91 115 143 170                     90101805211
 186 191 186 168 140 108  78  52  41  52  81 122                     90101805212
 155 171 177 181 175 157 132 109  95  99 115 135                     90101805221
 156 176 186 184 171 148 123  98  76  64  70  91                     90101805222
 125 157 176 184 188 186 172 150 127 112 111 119                     90101805231
 132 149 171 191 196 187 168 143 118  96  81  80                     90101805232
  94 122 154 176 187 190 185 169 145 118  97  86                     90101805241
  88 101 125 155 179 189 186 173 151 125 100  82                     90101805242
  78  93 124 160 184 197 201 196 177 148 117  91                     90101805251
  76  76  94 126 164 192 203 201 190 165 134 106                     90101805252
  85  78  94 129 169 198 209 211 202 177 140 104                     90101805261
  74  57  61  86 126 169 197 207 205 191 163 127                     90101805262
  93  73  71  92 133 177 204 214 211 193 159 118                     90101805271
  80  50  37  51  88 137 178 200 210 208 190 156                     90101805272
 118  86  69  75 105 152 194 217 222 214 188 145                     90101805281
 102  64  34  29  53 100 153 190 208 215 208 183                     90101805282
 144 106  77  68  85 125 173 208 222 220 204 167                     90101805291
 122  79  42  21  27  61 117 168 197 211 214 201                     90101805292
 168 127  92  71  74 102 146 190 216 223 216 191                     90101805301
 149 104  63  32  22  42  88 146 188 208 218 216                     90101805302
 193 156 118  88  77  91 126 173 210 228 228 211                     90101805311
 175 130  86  47  23  27  58 110 163 194 207 212                     90101805312
 202 173 135 100  79  80 102 139 182 211 219 210                     90101806011
 184 145 103  64  32  23  39  78 131 173 194 202                     90101806012
 201 184 153 118  89  77  88 118 156 191 208 207                     90101806021
 193 162 124  87  53  31  33  59 105 153 183 195                     90101806022
 198 192 171 140 109  88  87 105 134 167 195 206                     90101806031
 200 179 147 111  77  49  39  50  81 124 164 184                     90101806032
 189 189 179 157 131 105  91  96 115 142 170 191                     90101806041
 197 187 163 134 104  76  57  53  69 102 142 171                     90101806042
 182 184 182 171 150 127 108 100 107 127 151 174                     90101806051
 190 189 176 155 128 103  82  68  70  89 119 150                     90101806052
 169 176 179 176 165 149 127 109 104 111 126 143                     90101806061
 163 178 181 169 148 127 107  91  81  83  98 123                     90101806062
 151 169 174 175 174 165 147 126 109 102 105 116                     90101806071
 132 151 168 175 167 152 135 117 100  89  88 100                     90101806072
 122 148 166 173 176 176 170 154 130 107  96  95                     90101806081
 106 125 149 172 183 179 167 150 128 108  96  92                     90101806082
 101 121 149 173 184 188 185 173 151 123  97  79                     90101806091
  75  87 114 147 173 184 182 172 154 129 105  87                     90101806092
  81  95 124 153 173 189 198 194 177 147 112  80                     90101806101
  59  58  79 115 156 185 196 197 187 165 137 107                     90101806102
  86  82  97 128 167 197 211 213 205 178 139 100                     90101806111
  65  41  43  73 120 168 199 210 211 200 174 137                     90101806112
 101  77  74  94 133 178 208 220 218 200 164 118                     90101806121
  73  34  13  21  61 121 174 204 216 217 201 166                     90101806122
 123  87  67  70  98 143 189 216 225 221 196 150                     90101806131
 100  51  11  -3  19  72 136 181 206 221 221 199                     90101806132
 159 113  77  62  76 113 161 200 220 229 221 185                     90101806141
 134  82  33  -4 -10  22  84 147 186 211 228 225                     90101806142
 196 153 107  72  63  85 127 176 212 228 232 215                     90101806151
 174 121  67  18 -13 -12  26  92 151 186 207 218                     90101806152
 207 176 133  90  61  60  87 131 177 206 217 217                     90101806161
 197 154 103  54  11 -12  -3  41 105 157 187 206                     90101806162
 214 201 170 129  90  68  75 104 147 187 210 217                     90101806171
 214 193 151 105  62  25  10  25  69 127 171 192                     90101806172
 205 210 195 164 127  95  80  90 119 155 189 208                     90101806181
 212 205 183 148 109  70  41  32  49  91 141 176                     90101806182
 193 202 203 189 161 128 102  92 103 128 157 186                     90101806191
 203 207 200 181 149 118  89  67  61  77 114 157                     90101806192
 185 199 206 204 189 162 134 111  98 104 122 142                     90101806201
 168 190 199 195 175 148 122  95  75  71  84 112                     90101806202
 149 179 192 193 188 175 153 127 105  92  92 102                     90101806211
 121 147 173 186 181 168 150 128 104  88  84  94                     90101806212
 117 148 172 182 185 184 174 151 122  97  81  79                     90101806221
  88 109 138 165 179 178 171 159 139 116  98  91                     90101806222
  97 120 151 175 188 192 188 175 152 124  97  78                     90101806231
  71  80 103 135 165 182 187 183 172 152 125 102                     90101806232
  94 101 122 151 179 196 200 194 178 150 118  89                     90101806241
  66  57  68  96 134 168 186 189 186 173 148 119                     90101806242
  96  86  95 119 151 181 198 201 192 168 134 100                     90101806251
  69  46  40  58  95 141 175 189 193 188 171 141                     90101806252
 108  84  78  93 123 160 189 202 200 185 156 118                     90101806261
  82  49  30  34  62 109 155 183 195 200 192 169                     90101806262
 136 105  86  87 111 147 184 212 221 215 191 154                     90101806271
 115  75  42  30  45  83 137 182 203 210 208 194                     90101806272
 166 131 100  86  97 128 167 203 225 228 214 182                     90101806281
 140  98  60  35  35  60 109 163 196 212 218 212                     90101806282
 189 155 122  98  94 114 149 192 222 230 224 202                     90101806291
 162 120  82  46  28  40  79 134 179 202 211 212                     90101806292
 198 169 133 101  83  87 116 159 198 218 220 207                     90101806301
 178 138  98  62  35  30  54 101 153 187 201 206                     90101806302
 200 179 148 115  89  84 103 137 177 207 217 213                     90101807011
 195 162 124  86  51  34  45  81 130 173 197 205                     90101807012
 206 195 170 136 104  87  94 119 154 191 213 216                     90101807021
 206 183 147 110  74  49  46  66 106 154 190 205                     90101807022
 208 203 185 157 128 104  96 112 143 178 203 213                     90101807031
 215 207 184 152 118  91  79  85 111 151 188 206                     90101807032
 209 208 201 182 156 131 114 112 126 153 182 208                     90101807041
 221 217 197 165 133 105  83  75  86 113 149 184                     90101807042
 203 205 201 189 169 143 119 105 106 122 146 173                     90101807051
 195 205 198 177 151 125 102  84  81  94 121 154                     90101807052
 180 194 195 190 178 159 135 115 106 108 118 137                     90101807061
 159 183 194 186 168 149 128 108  94  93 107 128                     90101807062
 154 177 184 185 184 174 153 128 106  92  87  94                     90101807071
 113 138 163 177 174 162 146 127 109  97  94 104                     90101807072
 122 149 172 182 182 178 167 146 120  96  79  74                     90101807081
  83 105 137 164 176 175 169 157 138 116 102  98                     90101807082
 105 123 149 172 184 188 185 170 144 116  90  67                     90101807091
  56  64  91 128 162 181 184 179 167 147 124 103                     90101807092
  94 100 120 148 176 194 201 197 180 149 114  79                     90101807101
  50  39  51  84 130 168 189 198 198 183 156 125                     90101807102
  99  88  96 121 156 189 210 214 206 181 143 100                     90101807111
  59  26  16  34  77 131 174 196 207 207 188 157                     90101807112
 122  92  81  91 120 161 200 221 225 213 182 137                     90101807121
  88  40   7   3  29  83 144 187 208 219 216 192                     90101807122
 153 112  81  72  89 127 174 214 234 237 220 180                     90101807131
 130  77  27  -5  -5  30  94 158 198 218 228 220                     90101807132
 188 145 103  73  68  91 135 186 224 240 239 218                     90101807141
 175 123  68  18  -9  -2  42 109 170 206 224 231                     90101807142
 216 180 134  92  67  69  98 145 195 228 240 236                     90101807151
 210 165 114  62  17  -3  11  59 126 179 208 222                     90101807152
 224 204 165 121  84  66  74 106 152 196 222 230                     90101807161
 223 195 151 103  56  19  10  33  85 147 190 210                     90101807162
 220 215 189 149 108  77  66  79 113 157 197 218                     90101807171
 222 212 184 144 102  61  33  33  61 110 164 199                     90101807172
 212 214 204 177 140 105  80  74  90 121 160 194                     90101807181
 211 210 198 172 136 103  73  56  62  92 136 178                     90101807182
 201 207 206 193 168 135 105  87  84  98 124 155                     90101807191
 184 199 198 186 165 140 114  93  84  93 119 154                     90101807192
 184 199 203 200 188 166 137 113  97  93 103 124                     90101807201
 149 175 192 192 181 165 147 129 114 109 117 135                     90101807202
 161 186 198 197 192 181 163 140 118 104  97 101                     90101807211
 117 140 166 182 182 176 168 157 143 129 124 130                     90101807212
 144 165 185 196 198 192 183 166 144 123 106  97                     90101807221
  99 111 132 158 178 184 180 173 163 150 135 126                     90101807222
 128 141 158 177 193 202 197 180 160 139 116  95                     90101807231
  83  83  98 122 152 179 188 186 182 173 156 136                     90101807232
 121 120 133 153 176 195 207 205 186 162 135 106                     90101807241
  81  68  72  91 122 160 188 197 197 190 174 151                     90101807242
 126 111 114 130 155 182 205 216 208 187 158 125                     90101807251
  94  68  58  68  97 138 179 200 206 205 196 173                     90101807252
 144 116 104 110 133 165 197 219 223 209 184 150                     90101807261
 114  80  56  52  72 111 159 195 209 214 212 194                     90101807262
 163 130 105  98 113 143 180 212 228 226 207 174                     90101807271
 135  98  63  43  49  81 130 179 207 216 217 206                     90101807272
 180 146 113  94  95 117 155 195 224 232 222 197                     90101807281
 159 117  77  45  37  57 100 154 197 215 222 220                     90101807282
 200 165 128  98  88 101 134 177 215 235 236 219                     90101807291
 186 147 108  71  48  55  99 154 187 204 219 224                     90101807292
 210 180 143 107  85  90 119 160 199 221 227 224                     90101807301
 204 165 121  81  51  43  62 105 157 196 214 223                     90101807302
 220 199 164 125  95  84  99 134 178 215 232 232                     90101807311
 218 188 147 106  72  52  57  90 140 184 209 221                     90101807312
 224 213 183 146 112  90  91 116 154 195 221 229                     90101808011
 224 206 173 134  97  70  61  77 116 164 201 217                     90101808012
 220 215 195 164 129 100  87  96 123 161 197 218                     90101808021
 219 209 186 154 120  90  71  74 100 140 181 206                     90101808022
 213 211 201 178 147 115  91  83  97 127 163 194                     90101808031
 210 207 195 173 143 114  89  78  88 117 155 189                     90101808032
 205 206 199 185 162 133 105  88  86 100 127 158                     90101808041
 186 199 195 183 164 140 116 100  97 110 136 166                     90101808042
 191 201 202 197 184 162 134 109  93  89 101 124                     90101808051
 152 179 194 191 181 168 152 134 118 115 126 145                     90101808052
 169 190 199 199 194 183 163 139 114  95  87  95                     90101808061
 114 140 169 185 187 185 180 167 150 132 126 132                     90101808062
 148 168 185 196 199 196 188 170 144 117  93  78                     90101808071
  80  97 126 159 180 188 191 189 179 161 140 126                     90101808072
 125 139 161 182 198 205 205 196 175 145 114  83                     90101808081
  61  60  80 114 155 186 200 205 204 191 169 141                     90101808082
 119 114 126 151 182 208 221 222 210 185 149 109                     90101808091
  69  43  41  67 114 165 199 215 226 224 203 172                     90101808092
 138 110 101 117 151 190 222 238 239 224 191 148                     90101808101
 102  56  28  30  64 120 174 207 226 238 231 203                     90101808102
 164 123  93  89 112 152 200 234 248 250 231 190                     90101808111
 140  88  41  14  22  65 130 184 216 237 245 230                     90101808112
 195 150 105  78  80 111 160 209 239 252 253 230                     90101808121
 184 130  76  29   9  27  81 148 198 225 242 244                     90101808122
 221 178 128  85  63  72 112 168 215 240 250 247                     90101808131
 219 169 116  64  22  13  43 104 169 210 230 240                     90101808132
 233 202 154 106  71  60  79 123 178 218 237 244                     90101808141
 237 205 155 106  59  29  33  70 129 185 217 232                     90101808142
 235 219 182 135  94  72  75 103 146 187 213 226                     90101808151
 231 219 185 141  99  64  47  60 101 156 200 221                     90101808152
 228 224 203 165 122  88  69  74 102 142 185 214                     90101808161
 222 216 199 167 131  98  73  66  86 126 172 203                     90101808162
 213 210 198 173 139 103  74  63  72  99 135 171                     90101808171
 190 192 186 172 148 120  94  82  88 113 148 181                     90101808172
 199 202 196 183 160 131 104  87  81  90 111 141                     90101808181
 170 185 185 179 170 155 136 119 113 122 142 164                     90101808182
 185 196 195 189 179 160 138 118 103  98 103 117                     90101808191
 137 160 176 178 173 169 161 151 141 134 137 149                     90101808192
 165 178 186 187 183 174 161 145 126 111 102 102                     90101808201
 110 125 147 167 176 175 173 169 164 154 143 140                     90101808202
 146 158 171 183 192 192 186 174 155 135 117 105                     90101808211
 101 105 120 144 166 178 181 184 185 177 163 150                     90101808212
 145 152 165 180 192 198 201 199 189 166 140 118                     90101808221
 101  95 102 121 149 174 187 195 200 195 180 160                     90101808222
 143 134 139 158 181 202 217 220 211 191 165 138                     90101808231
 112  93  90 103 129 168 203 220 223 218 205 184                     90101808232
 158 138 132 143 167 196 225 242 238 220 190 153                     90101808241
 118  90  77  85 111 153 196 220 226 226 216 193                     90101808242
 159 126 106 106 126 161 198 224 231 224 203 168                     90101808251
 130  95  65  54  70 109 158 195 212 219 216 198                     90101808252
 166 130  98  84  96 127 169 207 225 227 217 189                     90101808261
 149 107  69  43  43  73 125 177 209 221 223 212                     90101808262
 183 143 105  79  75  98 141 189 222 233 229 208                     90101808271
 171 128  85  48  36  56 101 156 200 220 225 222                     90101808272
 199 159 116  80  63  74 111 161 205 229 234 225                     90101808281
 195 151 106  64  38  42  76 129 182 214 226 228                     90101808282
 214 179 133  93  65  61  86 134 185 219 232 232                     90101808291
 216 179 134  92  58  45  64 110 166 205 223 230                     90101808292
 225 200 159 114  79  61  70 105 155 200 224 231                     90101808301
 226 203 161 118  82  58  59  89 140 190 219 228                     90101808302
 226 211 178 136  97  69  62  81 122 170 208 226                     90101808311
 227 215 185 142 104  77  67  82 119 166 204 222                     90101808312
 225 217 195 159 120  87  65  66  91 134 178 204                     90101809011
 208 203 190 163 130 101  82  82 104 139 177 205                     90101809012
 212 206 195 171 140 108  81  67  73  98 136 174                     90101809021
 198 202 195 182 161 136 114 104 109 128 156 186                     90101809022
 208 212 204 190 167 142 117  95  82  87 109 140                     90101809031
 172 193 196 191 182 171 157 141 132 137 152 173                     90101809032
 192 207 214 208 195 180 160 137 114 101 102 113                     90101809041
 131 159 188 200 197 194 187 174 158 148 148 153                     90101809042
 160 168 179 193 202 198 185 165 139 113  91  81                     90101809051
  85 104 133 165 187 193 193 192 184 167 146 133                     90101809052
 131 139 154 171 189 202 204 193 169 139 108  81                     90101809061
  66  69  90 124 162 188 200 207 206 190 165 137                     90101809062
 118 113 123 145 173 203 224 226 209 181 145 108                     90101809071
  72  51  50  73 119 168 201 217 223 215 189 154                     90101809072
 120  96  88 102 135 177 215 234 233 215 179 132                     90101809081
  85  41  17  24  62 119 172 204 222 229 216 181                     90101809082
 137  97  70  66  90 137 188 224 239 238 216 172                     90101809091
 120  69  25   3  17  67 136 191 220 235 235 208                     90101809092
 161 107  63  38  42  81 139 190 218 231 230 203                     90101809101
 155 100  47   7  -3  25  87 153 195 218 229 220                     90101809102
 183 130  79  41  26  44  94 154 197 221 234 229                     90101809111
 196 143  89  40   8  13  57 124 180 210 229 234                     90101809112
 213 166 112  65  36  33  65 121 176 210 228 237                     90101809121
 223 182 131  84  46  30  49  99 160 204 225 234                     90101809122
 226 193 144  97  59  39  48  86 141 188 215 227                     90101809131
 226 206 167 120  81  58  58  86 136 186 215 228                     90101809132
 228 208 170 126  87  59  50  67 107 156 195 213                     90101809141
 218 212 189 155 121  96  86  97 130 173 208 224                     90101809142
 225 214 190 154 119  90  70  70  92 127 168 197                     90101809151
 204 199 189 170 145 120 104 105 122 149 180 204                     90101809152
 213 206 190 167 139 113  92  81  87 106 135 166                     90101809161
 187 189 182 171 160 146 131 123 128 144 163 180                     90101809162
 194 198 190 175 157 136 118 103  95 100 115 134                     90101809171
 153 167 170 166 165 161 153 144 138 141 149 160                     90101809172
 171 177 179 178 169 155 140 125 112 103 104 112                     90101809181
 123 140 157 164 164 164 165 163 157 150 144 142                     90101809182
 148 158 165 170 173 172 163 150 135 120 109 106                     90101809191
 108 115 130 149 166 173 175 177 174 164 150 139                     90101809192
 135 139 149 163 177 187 189 180 163 144 126 110                     90101809201
  99  99 110 132 161 185 194 195 191 181 163 141                     90101809202
 124 118 124 139 160 182 200 204 189 164 139 117                     90101809211
  96  85  89 107 140 177 201 210 211 202 180 151                     90101809212
 122 105 103 116 139 169 198 213 208 187 157 124                     90101809221
  92  66  55  68 101 146 186 205 210 207 189 159                     90101809222
 124  94  80  86 112 151 190 214 217 206 180 143                     90101809231
 105  72  51  50  77 124 170 198 213 219 208 178                     90101809232
 137  99  74  68  88 128 176 210 223 221 205 169                     90101809241
 124  83  51  37  50  92 147 189 213 224 219 192                     90101809242
 150 105  70  51  59  97 151 199 225 230 223 196                     90101809251
 151 105  66  37  35  68 124 179 212 225 226 208                     90101809252
 169 122  79  48  38  63 116 170 202 218 229 218                     90101809261
 179 127  82  47  32  48  93 151 196 218 227 219                     90101809262
 187 139  91  53  31  39  80 140 190 217 229 228                     90101809271
 204 159 111  71  43  44  78 134 187 215 224 223                     90101809272
 204 162 113  69  37  29  54 106 164 201 219 227                     90101809281
 218 185 139  99  68  56  72 115 168 206 220 224                     90101809282
 215 185 141  97  60  37  43  78 131 179 205 218                     90101809291
 221 204 169 130  95  74  77 105 149 190 212 221                     90101809292
 220 204 170 128  89  60  50  66 105 154 192 208                     90101809301
 213 212 198 167 132 104  86  90 117 153 189 213                     90101809302
 215 206 182 145 107  77  55  51  68 101 144 182                     90101810011
 199 200 194 179 158 135 116 111 125 150 175 196                     90101810012
 206 202 188 168 145 118  90  68  63  78 105 141                     90101810021
 170 180 179 176 168 154 137 123 119 129 146 162                     90101810022
 174 181 182 175 159 139 118  96  78  72  78  95                     90101810031
 119 146 162 165 168 169 164 152 136 124 123 129                     90101810032
 140 150 163 174 178 172 156 135 113  90  73  68                     90101810041
  76  97 127 153 165 173 178 175 161 141 120 104                     90101810042
 104 118 138 160 180 190 189 177 155 127 100  78                     90101810051
  67  74 101 137 166 184 199 208 202 182 156 130                     90101810052
 113 114 132 162 193 217 232 236 223 193 155 118                     90101810061
  84  64  75 113 164 213 243 249 240 221 187 147                     90101810062
 110  85  80 100 139 184 221 237 233 211 171 125                     90101810071
  80  42  27  45  91 149 195 217 227 223 198 152                     90101810072
 104  64  39  43  79 134 185 213 225 225 204 158                     90101810081
 107  60  21  11  41 100 162 202 222 230 217 177                     90101810082
 123  75  38  20  36  84 146 193 218 233 230 199                     90101810091
 148  96  52  22  26  71 136 191 219 233 234 209                     90101810092
 159 105  61  28  23  55 114 174 211 231 240 227                     90101810101
 186 134  86  46  29  49 102 168 214 234 239 225                     90101810102
 186 132  83  42  15  20  61 126 180 209 223 226                     90101810111
 206 161 112  71  41  35  67 124 179 212 224 221                     90101810112
 196 150  99  56  21   7  29  80 141 185 204 210                     90101810121
 206 182 140 100  67  50  62 101 154 198 217 218                     90101810122
 204 170 125  84  49  25  27  59 110 159 187 198                     90101810131
 202 192 165 130  98  75  74  97 135 175 202 208                     90101810132
 200 180 144 107  74  46  35  48  82 126 165 184                     90101810141
 187 185 173 151 122  96  88 100 125 156 184 199                     90101810142
 197 184 162 133 106  79  60  59  76 107 144 172                     90101810151
 181 179 173 162 146 128 115 115 128 148 168 184                     90101810152
 191 185 172 153 132 110  90  80  84  99 122 149                     90101810161
 169 172 168 167 163 152 141 134 134 142 155 168                     90101810162
 174 177 174 163 149 134 120 108 100 100 108 122                     90101810171
 140 156 161 160 160 161 159 153 144 139 139 145                     90101810172
 151 157 161 163 160 152 142 129 117 107 104 106                     90101810181
 113 126 142 155 161 164 167 166 159 146 133 126                     90101810182
 125 129 136 146 155 161 159 149 133 116 102  91                     90101810191
  87  94 108 129 151 163 166 164 158 144 124 105                     90101810192
  95  95 103 119 140 159 169 164 148 126 105  87                     90101810201
  73  71  82 106 137 163 173 176 175 163 139 111                     90101810202
  88  78  82 101 129 160 182 186 176 155 128 100                     90101810211
  75  60  63  86 123 159 181 192 194 184 158 122                     90101810212
  89  66  61  78 114 156 188 202 200 187 160 124                     90101810221
  90  65  54  68 105 151 186 204 212 209 186 147                     90101810222
 104  70  50  56  89 137 181 206 216 214 193 154                     90101810231
 113  77  52  51  80 130 177 205 219 223 205 165                     90101810232
 118  76  44  34  56 105 161 199 217 224 214 181                     90101810241
 135  92  57  41  55  99 154 195 215 224 217 183                     90101810242
 132  84  43  17  23  64 125 176 205 220 223 205                     90101810251
 162 113  72  45  44  74 128 180 209 222 223 203                     90101810252
 158 106  62  24  10  33  88 150 191 214 228 224                     90101810261
 195 150 104  68  52  68 112 167 209 228 236 229                     90101810262
 194 142  94  46  10   8  43 102 163 201 217 223                     90101810271
 212 177 130  89  60  53  78 126 179 219 232 227                     90101810272
 205 163 114  67  26   6  18  64 127 176 200 212                     90101810281
 215 197 160 119  87  71  80 114 159 201 224 227                     90101810282
 219 195 156 113  68  31  20  43  92 145 179 195                     90101810291
 203 201 183 154 121  95  86 101 132 167 197 214                     90101810292
 213 196 166 130  95  60  34  31  53  93 137 168                     90101810301
 180 183 180 165 142 116  97  92 105 129 155 176                     90101810302
 188 188 173 146 120  92  62  41  40  58  89 126                     90101810311
 153 163 166 167 159 143 123 106 100 108 124 141                     90101810312
 156 168 173 165 148 127 103  78  59  53  62  84                     90101811011
 114 140 152 156 160 159 150 134 114  98  95 103                     90101811012
 115 130 146 159 163 154 135 113  89  65  51  52                     90101811021
  68  95 126 147 158 167 170 161 141 115  89  77                     90101811022
  80  94 115 139 163 176 171 152 127 100  74  52                     90101811031
  46  61  91 127 156 170 179 180 166 139 106  77                     90101811032
  62  64  85 117 152 179 188 184 171 143 108  74                     90101811041
  47  39  56  95 142 176 194 202 197 173 135  94                     90101811042
  61  41  45  73 115 160 191 202 201 182 146 104                     90101811051
  67  40  35  62 110 158 190 205 210 197 160 113                     90101811052
  69  33  17  31  73 127 171 195 208 206 181 137                     90101811061
  92  53  27  31  67 122 171 199 213 212 186 139                     90101811062
  87  44  11   3  30  86 143 180 201 213 206 175                     90101811071
 128  81  46  31  48  97 156 195 212 219 208 170                     90101811072
 115  66  25   0   8  52 114 165 195 215 222 206                     90101811081
 167 120  79  52  52  85 140 193 222 234 233 209                     90101811082
 162 108  61  22   8  31  83 144 188 209 221 221                     90101811091
 199 156 111  75  56  67 107 160 204 223 224 211                     90101811092
 176 126  79  36   7   8  41  98 153 184 198 205                     90101811101
 197 167 127  88  62  59  83 127 173 201 209 204                     90101811102
 182 142  97  56  22   9  26  68 122 164 185 194                     90101811111
 196 181 151 117  87  73  84 114 153 187 204 205                     90101811112
 193 164 125  89  56  31  29  53  97 144 175 186                     90101811121
 190 187 169 144 117  95  89 106 135 166 191 203                     90101811122
 197 177 147 113  82  56  42  50  77 117 155 174                     90101811131
 179 178 170 154 132 109  95  99 118 143 166 182                     90101811132
 185 175 154 128 103  80  61  55  66  92 124 153                     90101811141
 167 169 166 159 147 130 113 106 113 127 143 156                     90101811142
 165 169 160 142 123 102  83  70  69  80 100 125                     90101811151
 149 157 156 156 155 147 131 117 110 111 119 129                     90101811152
 139 148 154 153 142 126 110  95  84  82  88 102                     90101811161
 122 142 154 156 156 155 151 141 127 114 108 110                     90101811162
 117 126 139 151 156 151 137 122 107  94  87  89                     90101811171
  99 116 139 157 164 164 164 159 143 123 105  94                     90101811172
  93 102 116 136 158 170 167 153 132 113 100  90                     90101811181
  87  96 116 143 163 174 179 177 164 142 116  93                     90101811182
  78  79  94 118 149 176 185 177 161 138 112  89                     90101811191
  75  74  90 120 155 179 187 187 179 157 124  90                     90101811192
  64  51  58  86 126 163 184 188 182 163 133 102                     90101811201
  74  58  60  87 130 168 189 197 193 175 140 100                     90101811202
  64  35  28  50  95 145 180 196 202 193 165 125                     90101811211
  88  62  53  67 108 157 192 210 215 206 173 125                     90101811212
  78  39  13  19  58 116 168 198 209 207 190 154                     90101811221
 111  74  45  40  66 114 165 200 212 209 185 140                     90101811222
  90  45   5 -11   8  59 123 173 197 208 208 184                     90101811231
 138  92  54  32  42  83 138 185 209 215 206 171                     90101811232
 119  68  20 -15 -20  12  73 136 177 200 211 204                     90101811241
 172 126  83  51  42  65 111 164 203 218 217 197                     90101811242
 153 102  53   8 -17  -9  35 102 158 190 208 214                     90101811251
 200 164 119  80  55  56  86 135 182 210 218 211                     90101811252
 183 138  88  39  -2 -19   0  51 116 165 189 202                     90101811261
 205 186 150 109  76  61  72 106 150 188 208 212                     90101811262
 201 169 125  80  36   3  -3  21  74 132 171 189                     90101811271
 199 198 179 148 114  86  77  94 126 162 193 207                     90101811272
 206 191 159 120  82  45  21  21  46  92 141 173                     90101811281
 188 192 187 168 142 114  92  87 102 127 156 182                     90101811282
 193 189 172 144 111  78  47  28  30  53  94 137                     90101811291
 162 171 175 173 159 136 112  93  88  98 116 135                     90101811292
 154 171 178 168 146 121  94  67  49  48  65  95                     90101811301
 130 157 167 171 173 164 146 123 102  91  95 104                     90101811302
 119 138 157 172 174 159 136 113  89  69  62  71                     90101812011
  94 125 153 169 175 175 169 152 127 101  83  76                     90101812012
  82  99 123 150 171 176 167 149 126 101  81  68                     90101812021
  71  92 125 155 172 181 185 179 157 126  97  74                     90101812022
  64  71  93 126 160 180 186 183 166 139 111  87                     90101812031
  75  78 101 138 171 191 203 205 190 159 123  91                     90101812032
  65  54  63  94 137 176 197 204 202 186 157 125                     90101812041
  99  83  84 110 153 191 211 217 208 180 140 101                     90101812042
  66  38  29  46  87 137 177 197 203 199 178 140                     90101812051
 100  72  64  80 116 160 196 212 215 204 171 125                     90101812052
  82  48  27  30  61 113 165 196 210 213 201 172                     90101812061
 135 100  75  69  92 135 179 206 216 216 199 156                     90101812062
 107  63  25   9  23  64 119 167 193 204 206 190                     90101812071
 153 110  74  55  59  88 133 180 208 213 199 163                     90101812072
 117  73  29  -3 -10  15  68 128 172 190 192 188                     90101812081
 167 130  91  61  51  69 109 158 195 209 202 179                     90101812082
 141  99  55  15  -6   3  41  98 149 176 187 191                     90101812091
 181 153 116  82  62  65  92 136 177 198 202 192                     90101812092
 164 123  82  41  10   3  27  74 128 167 182 188                     90101812101
 187 170 139 105  78  68  82 116 157 190 204 201                     90101812102
 183 149 109  72  37  15  20  52 104 151 176 189                     90101812111
 196 189 162 127  98  83  89 112 145 176 199 206                     90101812112
 197 170 132  95  63  38  29  44  78 123 164 184                     90101812121
 185 179 163 139 115  93  83  92 114 142 170 189                     90101812122
 193 178 150 120  91  64  45  48  71 10799999999                     90101812131
99999999 176 160 139 116  98  94 107 129 152 172                     90101812132
 184 182 164 135 108  85  62  51  59  82 113 145                     90101812141
 162 166 165 161 150 131 110  97  94 101 116 134                     90101812142
 152 164 164 151 129 107  88  73  68  76  95 124                     90101812151
 150 162 164 165 162 151 135 116 102 100 107 120                     90101812152
 136 153 164 165 155 141 124 108  96  92  97 114                     90101812161
 139 161 172 176 178 173 162 146 125 109 101 104                     90101812162
 116 134 153 171 178 171 158 142 125 108  96  95                     90101812171
 110 131 153 174 186 185 181 170 148 122  99  86                     90101812172
  85  97 117 144 170 182 178 166 149 127 106  95                     90101812181
  94 105 128 157 182 192 192 184 165 136 104  77                     90101812182
  61  62  82 117 154 179 186 182 174 155 126 102                     90101812191
  88  88 105 135 170 194 203 203 193 164 126  89                     90101812192
  57  40  49  82 128 167 189 198 198 186 159 126                     90101812201
  98  83  86 111 148 181 200 208 207 187 149 105                     90101812202
  66  33  20  39  86 139 177 197 208 208 191 159                     90101812211
 122  91  76  88 124 166 198 216 223 215 184 136                     90101812212
  89  44  11   8  37  93 150 186 206 219 215 189                     90101812221
 148 108  78  69  88 129 176 211 228 230 212 170                     90101812222
 119  69  23  -6  -1  41 106 164 198 219 229 219                     90101812231
 187 145 102  72  68  94 140 189 221 230 225 200                     90101812232
 156 104  51   2 -20  -5  47 116 169 199 217 223                     90101812241
 208 171 125  85  62  68 103 154 200 223 230 224                     90101812242
 192 141  87  37  -4 -16   6  64 128 17199999999                     90101812251
99999999 151 114  80  62  74 116 166 205 222 226                     90101812252
 213 177 129  81  34   0  -7  22  80 142 180 200                     90101812261
 211 207 182 145 105  74  67  85 120 163 196 212                     90101812262
 214 198 161 117  74  33   7   8  40  93 146 179                     90101812271
 194 198 189 162 126  93  72  69  85 115 152 185                     90101812272
 201 198 179 147 111  74  35  14  22  55 104 150                     90101812281
 177 182 179 169 147 116  85  66  66  82 107 138                     90101812282
 166 179 177 161 135 106  75  46  31  40  69 110                     90101812291
 149 170 173 171 162 142 115  88  72  67  75  93                     90101812292
 117 143 160 161 150 133 111  88  67  55  59  83                     90101812301
 118 147 160 164 164 157 142 120  96  75  63  65                     90101812302
  81 104 131 150 155 150 138 122 102  85  73  76                     90101812311
  93 119 142 153 160 163 157 141 118  92  70  55                     90101812312
