 183 141  95  52  17   4  23  71 128 167 188 200                     90101701011
 202 184 149 109  76  60  71 108 156 194 212 214                     90101701012
 203 173 128  85  49  24  25  58 111 160 189 204                     90101701021
 211 204 177 139 102  76  73  94 132 176 205 216                     90101701022
 214 195 158 116  79  46  30  42  81 133 174 194                     90101701031
 202 204 190 159 124  92  75  79 103 142 179 201                     90101701032
 206 200 179 147 112  80  53  47  68 107 151 183                     90101701041
 196 201 198 182 153 120  92  80  86 109 141 173                     90101701042
 193 195 185 165 135 106  82  64  62  84 120 156                     90101701051
 177 187 190 184 166 139 110  85  73  76  94 122                     90101701052
 152 171 175 169 154 131 104  81  69  71  90 122                     90101701061
 153 171 179 182 180 166 141 114  91  77  76  88                     90101701062
 112 144 169 179 175 165 148 126 104  92  91 103                     90101701071
 129 158 176 184 187 187 177 155 127  99  77  69                     90101701072
  80 105 138 168 184 189 186 173 151 127 109 102                     90101701081
 111 133 159 179 192 199 201 189 164 131  99  70                     90101701082
  55  61  88 130 170 194 201 201 193 172 143 115                     90101701091
  99  99 115 144 179 203 212 212 197 164 125  85                     90101701092
  49  31  38  72 124 168 192 206 213 204 176 141                     90101701101
 109  90  89 109 145 183 208 219 219 200 160 112                     90101701102
  66  27   8  20  64 122 168 194 209 215 200 167                     90101701111
 127  93  71  73 101 145 187 211 222 220 193 146                     90101701112
  96  49   9  -6  13  63 125 171 199 219 223 203                     90101701121
 166 124  88  70  79 115 166 213 241 248 235 200                     90101701122
 151  99  47   6  -4  24  82 148 195 217 228 224                     90101701131
 196 153 107  73  62  83 129 182 228 249 247 225                     90101701132
 182 130  79  29  -7  -9  30  96 157 193 212 222                     90101701141
 210 175 128  84  55  53  80 130 183 216 226 223                     90101701142
 200 156 106  56  12  -9   3  51 115 166 194 209                     90101701151
 211 192 152 107  70  51  60  96 148 193 215 222                     90101701152
 215 186 141  96  55  21  13  38  91 149 186 202                     90101701161
 210 204 175 132  92  65  54  71 110 156 187 198                     90101701162
 199 188 157 116  77  44  23  30  67 119 160 183                     90101701171
 197 200 185 153 115  83  64  67  92 127 162 185                     90101701172
 191 188 171 141 107  78  55  48  64 103 146 174                     90101701181
 190 197 192 171 142 111  88  78  87 108 136 165                     90101701182
 183 186 178 163 139 115  93  79  79  99 133 167                     90101701191
 187 193 193 185 166 141 117  99  96 106 122 144                     90101701192
 169 185 187 181 168 149 130 116 110 115 130 152                     90101701201
 174 191 196 190 176 158 138 117 100  92  92 102                     90101701202
 120 138 152 157 154 148 140 127 113 106 111 128                     90101701211
 150 169 176 176 174 169 158 141 124 109  98  96                     90101701212
 104 117 137 156 168 170 165 160 152 139 125 120                     90101701221
 127 141 154 166 176 178 171 159 142 123 103  86                     90101701222
  79  83  98 121 146 163 168 165 160 149 132 115                     90101701231
 104 108 122 141 160 175 179 172 157 137 112  86                     90101701232
  64  57  65  88 122 154 169 172 172 166 150 126                     90101701241
 103  92  97 114 140 166 182 186 178 157 127  96                     90101701242
  68  46  42  58  92 132 162 176 184 185 173 148                     90101701251
 119  94  85  97 126 160 187 200 200 187 157 120                     90101701252
  85  53  31  33  60 105 150 176 190 197 191 166                     90101701261
 132 101  80  77  99 136 176 205 215 208 185 147                     90101701262
 105  65  32  20  36  78 131 177 201 211 212 197                     90101701271
 163 124  93  75  81 111 155 195 216 218 205 171                     90101701272
 126  82  40   9   6  36  91 147 183 201 208 200                     90101701281
 174 134  93  64  59  82 126 174 206 220 221 202                     90101701282
 159 109  62  24   5  19  64 125 174 200 216 220                     90101701291
 202 164 120  82  63  72 107 159 205 227 235 230                     90101701292
 199 149 101  57  26  22  47  97 155 194 215 226                     90101701301
 219 187 138  90  55  41  59 104 161 203 219 219                     90101701302
 203 165 115  69  29   5  13  55 118 171 199 213                     90101701311
 216 199 160 113  72  48  49  81 134 182 206 217                     90101701312
 217 196 153 103  62  29  20  44  94 150 187 202                     90101702011
 208 203 178 136  93  58  39  48  84 132 174 195                     90101702012
 200 194 168 128  89  53  27  27  58 110 159 186                     90101702021
 198 200 187 156 116  80  55  47  64 102 146 181                     90101702022
 198 199 188 162 127  93  66  51  61  94 137 171                     90101702031
 189 196 194 178 150 116  86  65  60  75 104 141                     90101702032
 170 182 181 173 154 128 102  84  77  87 116 150                     90101702041
 175 186 190 187 173 150 122  98  77  70  80 103                     90101702042
 135 164 179 180 175 165 150 131 114 109 120 139                     90101702051
 162 183 193 194 193 183 162 136 109  85  70  70                     90101702052
  84 107 138 166 179 177 170 157 140 125 114 111                     90101702061
 118 134 154 171 182 183 174 156 132 107  79  57                     90101702062
  50  61  89 124 153 168 176 177 168 14899999999                     90101702071
9999999999999999 173 188 196 190 172 145 112  77                     90101702072
  46  32  43  76 121 158 178 189 192 185 162 130                     90101702081
 105  93  98 116 149 182 201 210 209 190 154 114                     90101702082
  72  37  24  39  80 132 175 199 210 211 197 167                     90101702091
 127  91  70  72  97 140 186 219 229 218 187 142                     90101702092
  93  45   8  -4  19  73 136 182 204 212 209 187                     90101702101
 146 103  69  50  60 100 154 199 221 226 214 178                     90101702102
 130  81  32  -2  -6  29  90 151 190 210 217 206                     90101702111
 170 120  75  43  35  61 114 172 209 223 224 205                     90101702112
 163 110  60  15  -9   4  54 119 168 196 212 214                     90101702121
 191 147  98  56  33  38  75 132 180 206 218 217                     90101702122
 190 140  88  43   7  -2  28  87 146 183 205 216                     90101702131
 206 169 119  74  40  26  45  92 149 189 206 212                     90101702132
 202 167 119  73  33   8  15  55 114 166 195 205                     90101702141
 203 180 136  88  52  28  29  61 111 159 185 194                     90101702142
 193 173 134  90  52  23  16  41  89 141 177 194                     90101702151
 200 189 158 115  76  47  37  52  90 137 173 189                     90101702152
 192 185 160 121  84  57  42  50  84 132 172 192                     90101702161
 200 197 179 147 112  82  63  62  84 121 159 186                     90101702162
 195 192 179 154 124 100  83  81  99 133 170 196                     90101702171
 205 203 192 171 140 109  84  71  77  99 130 160                     90101702172
 178 181 176 162 142 119  98  88  92 112 142 169                     90101702181
 185 185 176 161 139 115  93  76  69  77  94 116                     90101702182
 139 155 156 147 139 130 118 108 103 111 131 152                     90101702191
 167 171 171 168 161 149 133 117 105 102 106 115                     90101702192
 132 153 167 171 170 170 167 158 150 145 150 161                     90101702201
 169 173 178 179 174 167 154 137 118  97  81  75                     90101702202
  77  87 106 126 142 148 146 142 136 125 116 110                     90101702211
 111 119 131 144 153 155 154 145 129 110  89  72                     90101702212
  65  70  86 108 132 148 156 163 165 155 138 122                     90101702221
 112 110 122 142 166 187 195 192 180 159 137 117                     90101702222
  97  83  82  98 128 161 184 195 196 187 169 142                     90101702231
 113  96  93 105 129 159 187 203 198 174 141 106                     90101702232
  73  47  37  48  80 127 165 185 194 194 178 149                     90101702241
 115  87  73  78 104 143 181 203 207 197 170 130                     90101702242
  89  51  24  21  47  96 147 177 194 203 199 174                     90101702251
 133  92  62  53  70 111 161 199 216 218 204 166                     90101702252
 118  73  35  12  22  63 120 168 196 213 217 200                     90101702261
 161 112  70  45  45  78 133 183 211 223 221 193                     90101702262
 144  93  46   9  -3  23  81 144 186 209 219 210                     90101702271
 177 127  80  44  28  42  90 148 190 213 225 216                     90101702272
 176 120  69  27  -1   3  45 108 161 193 214 221                     90101702281
 202 156 103  58  26  19  51 112 170 205 224 230                     90101702282
 210 163 109  62  25  10  29  82 144 188 212 228                     90101703011
 224 192 141  92  53  30  38  82 142 190 218 236                     90101703012
 236 206 156 107  68  40  40  72 128 182 213 227                     90101703021
 229 212 172 122  75  35  18  40  90 146 186 207                     90101703022
 214 205 174 129  87  55  39  50  89 141 182 203                     90101703031
 213 209 184 143  97  58  31  30  58 105 152 181                     90101703032
 194 198 188 160 121  86  64  59  78 116 159 188                     90101703041
 200 203 194 168 130  94  64  43  45  70 109 148                     90101703042
 174 184 183 173 152 125 100  84  85 104 134 167                     90101703051
 189 195 191 179 157 128 102  79  62  62  79 109                     90101703052
 144 168 176 176 171 161 145 126 115 116 128 145                     90101703061
 163 178 187 186 176 159 136 113  90  72  66  74                     90101703062
  94 122 152 168 168 167 163 153 139 123 114 116                     90101703071
 124 137 153 169 182 184 174 154 130 103  80  65                     90101703072
  64  77 101 133 158 169 175 176 168 153 131 111                     90101703081
 102 107 122 142 165 183 193 189 170 143 113  81                     90101703082
  56  49  62  94 135 169 186 194 196 184 159 129                     90101703091
 101  85  85 104 136 171 198 209 203 182 149 111                     90101703092
  74  43  33  51  91 142 181 199 205 202 182 147                     90101703101
 108  77  61  66  94 137 179 203 211 202 174 130                     90101703102
  86  46  15  11  42  95 148 181 199 206 195 163                     90101703111
 120  79  50  41  60 102 153 190 207 212 197 160                     90101703112
 112  67  27   2  11  57 119 167 193 206 205 187                     90101703121
 147  97  55  33  38  71 123 174 204 218 219 196                     90101703122
 150  99  55  21  12  37  93 152 191 213 223 212                     90101703131
 175 123  77  44  28  45  92 151 196 217 225 218                     90101703132
 187 135  85  45  19  25  66 127 180 208 220 218                     90101703141
 192 145  94  54  28  28  61 117 173 204 216 215                     90101703142
 196 154 105  63  30  18  41  93 151 190 207 211                     90101703151
 197 159 110  68  35  18  33  79 136 179 200 210                     90101703152
 204 175 130  87  56  37  43  80 134 178 201 210                     90101703161
 206 180 138  94  57  31  30  60 110 159 188 199                     90101703162
 200 185 153 115  81  57  51  72 114 161 190 201                     90101703171
 202 186 153 113  77  47  33  47  83 129 167 185                     90101703172
 189 182 162 132 100  75  64  71  98 137 173 191                     90101703181
 195 187 165 131  96  68  48  46  66 102 141 168                     90101703182
 178 176 167 149 124 101  86  84 100 126 157 181                     90101703191
 189 183 170 147 119  94  74  63  67  86 116 146                     90101703192
 164 166 161 153 141 123 106  97 100 119 143 165                     90101703201
 179 181 175 164 147 124 104  90  87  94 108 129                     90101703202
 153 164 165 164 164 158 146 135 129 131 139 150                     90101703211
 160 167 169 167 159 146 131 114  98  89  90  98                     90101703212
 110 127 143 150 149 150 151 148 138 128 122 123                     90101703221
 132 143 154 161 164 161 152 138 124 108  94  88                     90101703222
  91 103 120 141 157 164 169 170 164 149 132 116                     90101703231
 111 117 129 146 163 174 176 168 152 131 109  90                     90101703232
  76  74  87 115 143 160 171 179 179 167 144 117                     90101703241
  96  88  98 118 143 167 183 187 178 156 126  96                     90101703242
  70  53  54  77 116 152 175 190 198 188 163 131                     90101703251
  99  76  72  89 123 162 191 204 205 191 159 118                     90101703252
  81  51  35  46  83 132 173 196 210 213 195 158                     90101703261
 115  77  53  54  83 131 179 208 220 218 192 146                     90101703262
  99  58  25  16  42  93 150 188 207 216 208 176                     90101703271
 128  80  42  23  35  80 141 189 214 225 220 189                     90101703272
 137  85  41  12  15  53 115 169 201 221 225 202                     90101703281
 154  98  50  14   4  35  98 162 203 226 234 217                     90101703282
 174 117  67  26   7  25  80 144 189 215 230 224                     90101703291
 187 130  75  31   3  11  59 125 178 211 233 237                     90101703292
 210 160 105  60  27  22  55 116 175 210 229 235                     90101703301
 216 169 111  60  18   0  21  77 144 191 218 235                     90101703302
 231 199 148  98  60  39  48  90 148 193 217 231                     90101703311
 229 197 143  91  46  12   6  38  97 154 189 212                     90101703312
 222 210 177 133  92  62  55  76 120 170 204 220                     90101704011
 226 214 178 131  87  50  26  31  65 119 166 193                     90101704012
 207 211 199 169 131  99  81  83 106 145 183 208                     90101704021
 214 207 189 157 117  81  50  33  41  74 119 158                     90101704022
 178 186 189 180 160 135 111  98 103 123 151 177                     90101704031
 195 199 192 176 150 122  94  69  55  61  84 116                     90101704032
 148 165 170 173 170 157 140 121 107 108 123 141                     90101704041
 158 170 176 174 164 147 126 104  83  69  69  81                     90101704042
 103 131 150 159 165 168 165 154 137 120 111 115                     90101704051
 125 140 158 173 180 179 170 152 130 110  94  86                     90101704052
9999999999999999999999999999999999999999 136 117                     90101704061
 112 117 132 153 177 196 201 191 171 145 119  95                     90101704062
  77  75  92 125 162 185 197 202 199 182 154 124                     90101704071
 100  89  96 116 147 180 202 206 198 176 142 108                     90101704072
  78  59  60  85 127 168 192 206 210 199 173 137                     90101704081
 102  77  71  86 120 162 196 214 219 210 181 140                     90101704082
 103  69  49  57  94 146 189 211 219 217 196 157                     90101704091
 114  79  56  54  78 122 168 198 212 215 198 161                     90101704092
 114  72  43  35  57 107 158 191 210 220 211 178                     90101704101
 130  87  55  43  59 100 150 187 210 226 223 196                     90101704102
 153 108  74  56  63 102 157 200 224 238 236 211                     90101704111
 164 119  82  52  45  70 119 172 205 222 229 217                     90101704112
 183 136  94  63  51  71 121 176 214 232 235 218                     90101704121
 178 127  83  49  30  41  84 140 184 210 223 221                     90101704122
 196 153 109  75  56  62  95 145 190 213 223 217                     90101704131
 187 141  94  55  27  25  57 111 162 194 211 218                     90101704132
 207 176 135  97  70  63  83 125 173 204 216 219                     90101704141
 205 169 123  82  49  34  49  90 143 183 204 215                     90101704142
 214 195 159 121  90  75  82 113 155 193 212 216                     90101704151
 207 180 140 101  66  41  41  67 111 157 184 197                     90101704152
 201 192 168 136 104  82  80 100 134 170 195 205                     90101704161
 201 185 156 120  87  61  49  61  92 134 169 185                     90101704162
 191 190 179 157 131 108  97 106 132 165 192 206                     90101704171
 208 202 187 161 135 111  91  89 107 136 167 189                     90101704172
 194 193 189 178 160 136 116 113 127 147 168 189                     90101704181
 201 199 187 168 147 125 106  94  96 112 135 160                     90101704182
 180 186 183 178 170 157 140 124 120 124 136 152                     90101704191
 164 170 173 165 150 132 112  95  86  89 102 118                     90101704192
 137 154 160 161 163 160 153 140 126 118 120 127                     90101704201
 137 145 156 164 163 154 139 121 108  97  91  95                     90101704202
 105 123 144 158 165 170 170 166 153 134 117 110                     90101704211
 112 123 138 155 172 179 173 156 136 117  98  84                     90101704212
  81  91 111 139 162 174 181 182 172 150 123  99                     90101704221
  86  88 102 127 157 181 189 180 162 136 107  82                     90101704222
  64  57  71 103 144 173 187 193 188 168 135 100                     90101704231
  72  58  65  92 131 170 192 197 191 170 135  98                     90101704232
  67  46  45  70 115 158 184 199 204 192 160 117                     90101704241
  76  46  35  53  96 148 185 205 216 209 177 130                     90101704242
  86  53  33  41  79 132 175 201 218 219 195 149                     90101704251
  99  56  27  24  54 110 165 200 223 232 216 175                     90101704252
 124  79  46  33  52 101 160 202 226 238 228 188                     90101704261
 131  77  33   8  16  63 130 185 218 239 243 218                     90101704262
 172 119  73  43  41  74 132 189 222 237 240 218                     90101704271
 168 110  58  15  -4  17  74 144 195 225 243 240                     90101704272
 208 157 106  66  46  56  98 158 207 234 246 240                     90101704281
 205 150  93  44   7   0  34  98 163 205 230 243                     90101704282
 235 201 152 105  73  63  83 127 182 222 238 240                     90101704291
 222 181 129  78  31   2   5  45 109 165 197 217                     90101704292
 225 212 178 136  97  73  73  97 138 184 214 225                     90101704301
 224 204 164 117  72  34  16  26  64 121 170 197                     90101704302
 209 211 197 168 133 102  85  92 117 149 183 205                     90101705011
 210 201 176 141 103  65  34  23  36  72 119 155                     90101705012
 173 181 182 171 149 123  99  86  93 114 140 164                     90101705021
 178 182 177 160 131 101  72  50  43  53  79 114                     90101705022
 144 161 168 171 165 149 128 108  96  98 114 133                     90101705031
 151 166 174 172 160 139 116  93  73  62  67  85                     90101705032
 114 144 161 169 173 171 159 142 124 109 104 110                     90101705041
 121 137 157 172 176 169 154 134 113  94  81  77                     90101705042
  87 112 141 162 173 178 177 168 150 127 106  94                     90101705051
  95 106 126 151 173 183 181 170 150 125 101  82                     90101705052
  75  84 108 142 170 183 187 185 173 150 121  94                     90101705061
  76  73  87 113 145 175 187 186 176 153 122  93                     90101705062
  71  64  76 107 147 176 190 196 190 169 137 102                     90101705071
  74  57  59  80 116 158 190 201 201 188 159 123                     90101705072
  90  67  62  82 121 163 191 204 205 192 163 123                     90101705081
  85  57  43  53  85 132 175 198 206 203 183 147                     90101705082
 106  74  59  66  95 140 179 200 209 208 185 144                     90101705091
  98  62  41  38  62 107 153 185 205 214 204 175                     90101705092
 135  96  68  62  80 119 167 203 219 220 205 169                     90101705101
 123  82  47  27  34  71 125 173 199 211 210 193                     90101705102
 156 113  78  57  60  91 137 183 210 218 212 186                     90101705111
 142  97  56  26  20  44  91 147 189 209 214 206                     90101705112
 179 138  99  70  61  77 115 163 201 218 217 200                     90101705121
 162 115  72  39  23  33  71 126 173 202 215 218                     90101705122
 203 169 130  96  77  82 108 149 189 212 220 212                     90101705131
 185 144  99  59  30  24  48  95 148 187 205 211                     90101705132
 206 184 149 114  87  77  92 125 165 201 217 215                     90101705141
 197 162 121  81  46  27  36  70 120 167 194 203                     90101705142
 204 193 165 129  99  81  82 103 136 172 198 205                     90101705151
 196 172 136  99  65  39  33  51  90 138 173 189                     90101705152
 194 192 177 149 118  93  85  98 124 156 186 201                     90101705161
 201 187 161 127  94  66  49  51  74 112 152 177                     90101705162
 187 189 183 168 145 121 102  99 113 136 161 183                     90101705171
 194 191 174 147 118  92  69  60  67  90 123 156                     90101705172
 173 176 177 173 159 139 118 103 102 113 130 150                     90101705181
 168 179 177 161 138 114  92  73  66  74  94 122                     90101705182
 149 165 169 169 167 157 139 117 102  99 106 120                     90101705191
 137 155 170 172 160 141 120 100  83  74  77  91                     90101705192
 114 142 161 168 170 170 163 146 122 103  94  95                     90101705201
 106 125 147 168 178 171 153 131 111  92  78  76                     90101705202
  87 109 138 161 172 178 179 169 147 117  91  75                     90101705211
  74  89 116 147 173 184 181 169 146 119  94  75                     90101705212
  68  78 107 143 171 186 193 191 175 143 107  77                     90101705221
  57  56  77 115 158 188 200 199 186 158 124  92                     90101705222
  70  63  77 113 157 188 203 211 205 178 136  95                     90101705231
  59  35  38  69 120 169 197 211 213 197 162 121                     90101705232
  85  60  56  80 126 174 206 222 226 211 172 123                     90101705241
  77  37  16  27  72 135 185 212 227 228 207 166                     90101705242
 120  82  58  60  92 146 196 225 237 235 210 162                     90101705251
 108  58  16   2  24  81 149 196 222 238 236 211                     90101705252
 166 118  80  61  71 111 165 210 232 241 233 197                     90101705261
 142  85  32  -8 -15  18  86 154 196 219 232 225                     90101705262
 194 147  99  64  54  72 117 172 212 229 234 219                     90101705271
 177 122  67  17 -14 -12  29  98 159 196 217 228                     90101705272
 217 182 136  93  64  62  88 134 183 213 225 224                     90101705281
 202 159 108  58  13 -10   1  48 113 165 194 212                     90101705282
 218 204 171 129  91  71  76 105 148 191 217 225                     90101705291
 218 192 150 105  58  21   9  24  70 131 175 196                     90101705292
 208 210 195 163 127  95  81  90 118 155 190 210                     90101705301
 213 204 178 141 102  65  37  31  52  97 148 181                     90101705302
 196 204 203 186 159 130 104  95 107 134 165 192                     90101705311
 205 206 197 177 149 118  87  66  65  86 123 162                     90101705312
 185 196 203 201 188 166 140 117 110 120 139 163                     90101706011
 186 202 203 195 180 157 133 111  94  92 107 135                     90101706012
 168 191 200 202 199 188 168 142 120 110 114 127                     90101706021
 143 161 180 192 189 176 158 136 115  99  92 103                     90101706022
 127 156 178 186 190 190 182 164 138 114 100 100                     90101706031
 110 125 147 171 186 187 178 164 144 123 106  98                     90101706032
 103 123 151 175 186 190 189 180 160 135 110  93                     90101706041
  88  94 113 142 170 186 189 183 171 150 124 103                     90101706042
  94 101 123 153 179 191 194 190 177 153 123  95                     90101706051
  74  68  80 107 142 174 189 190 185 171 146 116                     90101706052
  93  85  95 121 156 184 197 199 192 172 139 104                     90101706061
  77  58  57  77 115 158 187 198 201 195 176 146                     90101706062
 115  94  91 109 144 183 210 219 217 205 176 139                     90101706071
 104  76  61  69  99 144 184 205 216 217 206 179                     90101706072
 143 111  94  97 122 161 198 222 227 217 190 152                     90101706081
 113  75  44  38  59 101 152 190 207 214 211 191                     90101706082
 158 125  98  88 102 136 178 210 223 224 209 177                     90101706091
 136  97  61  40  45  78 131 179 205 216 220 209                     90101706092
 182 146 111  90  91 116 157 199 224 229 222 199                     90101706101
 160 118  78  44  34  56 102 156 193 210 220 220                     90101706102
 202 170 133 101  88 102 137 180 216 233 230 214                     90101706111
 182 141 100  61  36  40  73 126 175 201 213 216                     90101706112
 207 181 146 110  86  86 110 148 186 209 215 209                     90101706121
 189 152 110  71  38  26  45  89 141 179 197 206                     90101706122
 206 191 161 126  96  83  95 126 164 197 212 213                     90101706131
 203 177 138 100  65  42  44  72 118 164 191 202                     90101706132
 208 203 184 153 121  98  94 113 146 182 208 216                     90101706141
 211 197 169 132  96  65  52  64  97 143 181 198                     90101706142
 205 208 199 178 148 119 104 109 131 163 193 212                     90101706151
 215 207 190 161 127  97  74  69  86 120 160 188                     90101706152
 198 203 204 193 172 144 118 106 112 132 157 183                     90101706161
 200 203 195 177 151 124  99  81  79  97 130 163                     90101706162
 183 192 197 198 188 168 142 117 106 113 130 151                     90101706171
 175 193 199 193 178 156 133 112  97  96 110 136                     90101706172
 165 185 193 197 198 189 170 144 120 108 109 120                     90101706181
 141 167 189 199 195 183 167 145 124 108 104 114                     90101706182
 137 165 186 194 199 201 193 173 145 117  98  95                     90101706191
 106 129 159 187 199 200 196 182 159 132 112 106                     90101706192
 114 138 169 191 203 213 216 204 179 146 113  90                     90101706201
  84  96 124 161 189 205 213 213 199 173 145 125                     90101706202
 115 124 151 182 206 220 228 226 208 174 133  95                     90101706211
  64  50  63  99 147 188 209 215 212 197 167 132                     90101706212
 104  92 102 131 170 206 224 230 226 203 161 116                     90101706221
  74  41  34  57 106 160 196 217 230 228 206 169                     90101706222
 128  98  88 103 140 185 219 236 243 235 203 154                     90101706231
 105  60  27  24  56 114 171 206 228 242 237 210                     90101706232
 171 130  97  89 110 152 200 232 247 252 237 199                     90101706241
 150  99  50  19  22  63 127 182 216 241 254 243                     90101706242
 211 168 125  95  93 119 164 211 242 256 256 236                     90101706251
 193 141  89  42  16  25  71 137 191 221 239 246                     90101706252
 232 197 154 114  93  99 128 174 218 243 251 247                     90101706261
 223 179 129  80  39  21  39  90 153 197 220 234                     90101706262
 237 218 182 142 106  90 102 135 181 219 237 241                     90101706271
 236 209 165 119  74  41  34  58 109 165 200 218                     90101706272
 229 227 204 169 131 102  95 111 143 183 215 229                     90101706281
 231 220 192 153 113  76  52  53  81 130 178 204                     90101706282
 216 221 213 190 157 125 103 101 118 147 183 211                     90101706291
 220 218 205 179 146 113  84  70  79 111 154 189                     90101706292
 206 214 216 204 182 154 125 109 113 132 156 184                     90101706301
 208 217 212 202 181 154 129 109 101 111 138 173                     90101706302
 199 210 214 214 204 184 158 133 119 122 134 154                     90101707011
 178 199 207 204 193 178 157 137 121 116 127 150                     90101707012
 178 198 206 208 207 198 179 155 132 120 119 129                     90101707021
 144 164 185 197 195 187 178 164 145 130 125 132                     90101707022
 150 174 194 203 204 203 194 176 152 129 114 109                     90101707031
 115 131 154 180 196 199 193 184 171 154 138 131                     90101707032
 137 156 180 200 211 213 211 201 180 156 133 115                     90101707041
 106 114 137 162 180 194 200 199 193 180 162 142                     90101707042
 130 136 153 175 201 219 221 213 196 172 146 119                     90101707051
  98  91  98 119 150 183 202 205 205 197 177 151                     90101707052
 128 119 126 147 178 205 220 222 212 191 160 127                     90101707061
  99  77  72  86 119 164 196 210 214 212 198 172                     90101707062
 143 122 116 129 158 191 218 231 228 215 186 149                     90101707071
 112  81  64  68  94 137 180 206 218 224 218 195                     90101707072
 163 132 112 114 135 169 206 232 239 232 211 176                     90101707081
 136  98  68  57  69 105 157 200 222 230 229 214                     90101707082
 185 151 122 109 118 146 185 223 244 245 231 200                     90101707091
 161 121  83  58  57  81 127 180 215 231 238 232                     90101707092
 209 174 140 114 109 127 163 206 240 254 249 228                     90101707101
 191 148 106  70  53  64 101 155 204 229 240 242                     90101707102
 227 196 157 124 106 110 136 177 221 250 255 242                     90101707111
 211 168 125  85  56  50  71 119 176 215 231 236                     90101707112
 232 210 173 135 107  99 114 149 192 229 246 244                     90101707121
 227 193 150 109  72  53  60  92 143 194 224 234                     90101707122
 235 223 194 156 123 104 105 126 164 207 236 245                     90101707131
 237 214 178 139 101  71  63  81 121 172 214 231                     90101707132
 235 232 214 181 146 119 107 114 140 178 215 236                     90101707141
 238 228 203 167 129  96  75  76 100 141 187 218                     90101707142
 228 228 220 198 166 133 110 103 115 142 176 207                     90101707151
 225 224 210 184 152 123  98  83  89 115 155 193                     90101707152
 214 218 217 208 186 155 126 108 102 112 136 166                     90101707161
 197 214 214 200 177 150 126 107  99 108 132 164                     90101707162
 195 213 218 214 204 181 152 126 106  98 107 127                     90101707171
 155 186 208 211 199 181 157 135 118 110 116 136                     90101707172
 165 194 212 217 214 202 181 155 126 103  92  96                     90101707181
 115 144 178 204 211 205 194 175 153 136 126 128                     90101707182
 144 168 193 212 222 222 213 190 161 131 102  85                     90101707191
  86 104 136 174 203 214 214 208 193 171 148 131                     90101707192
 129 141 164 191 216 230 232 222 196 160 125  92                     90101707201
  70  66  85 124 171 204 219 225 222 204 176 146                     90101707202
 123 117 129 154 187 218 236 239 226 197 158 117                     90101707211
  78  52  49  72 117 171 209 227 237 234 212 177                     90101707212
 140 113 106 119 151 192 228 247 248 232 198 153                     90101707221
 106  62  33  33  64 121 179 215 234 243 236 209                     90101707222
 169 129 100  96 117 157 203 239 255 255 237 197                     90101707231
 147  96  51  26  33  73 137 194 227 246 253 240                     90101707232
 206 162 121  97  99 127 171 219 251 263 260 236                     90101707241
 191 140  88  44  25  41  90 156 208 236 252 254                     90101707242
 233 193 147 109  92 101 135 185 230 255 264 258                     90101707251
 227 179 128  77  40  33  59 113 176 219 240 249                     90101707252
 243 215 171 127  94  85 102 141 190 229 246 250                     90101707261
 239 206 159 110  66  40  42  76 134 190 221 235                     90101707262
 240 227 194 152 114  90  89 112 152 197 228 240                     90101707271
 240 224 189 146 105  70  56  70 110 163 205 226                     90101707272
 233 230 211 176 136 106  92  99 124 161 201 226                     90101707281
 232 226 208 174 136 103  80  77  98 137 183 215                     90101707282
 226 227 219 196 162 129 106  98 108 133 165 197                     90101707291
 216 219 209 190 163 135 111  97 101 123 159 193                     90101707292
 214 219 215 203 181 152 125 108 103 113 135 162                     90101707301
 189 206 208 197 181 162 141 125 118 126 146 173                     90101707302
 199 213 213 205 193 174 151 130 116 113 121 137                     90101707311
 157 179 195 198 189 177 164 149 134 129 137 152                     90101707312
 171 191 202 202 195 184 169 151 132 117 110 111                     90101708011
 123 140 161 181 190 186 178 168 155 142 136 140                     90101708012
 151 165 179 191 199 198 189 172 152 133 117 106                     90101708021
 105 114 133 158 182 193 189 183 176 165 150 139                     90101708022
 138 148 163 179 194 204 203 193 176 154 132 112                     90101708031
 100  99 109 132 164 190 199 200 197 187 171 152                     90101708032
 137 135 146 164 184 203 215 214 201 180 154 126                     90101708041
 104  91  92 108 138 175 200 209 211 207 193 173                     90101708042
 148 130 129 146 173 200 220 228 223 206 178 145                     90101708051
 116  90  78  86 116 159 192 209 217 218 206 184                     90101708052
 156 131 117 124 150 183 209 223 230 225 204 167                     90101708061
 130 100  75  67  87 130 178 209 224 235 233 212                     90101708062
 182 147 119 112 128 162 201 234 251 250 232 195                     90101708071
 151 110  74  54  59  91 143 195 225 237 239 225                     90101708072
 194 154 118  98 102 129 174 216 243 250 241 218                     90101708081
 178 134  92  58  47  67 115 172 213 233 241 237                     90101708082
 215 176 134 101  88 103 142 194 235 250 250 238                     90101708091
 208 164 120  76  48  50  84 142 197 229 244 248                     90101708092
 233 197 152 111  86  86 112 159 208 239 251 249                     90101708101
 229 188 140  97  62  46  64 109 168 214 237 245                     90101708102
 240 215 173 129  94  75  84 120 171 215 238 243                     90101708111
 236 208 163 117  75  46  48  80 133 185 217 230                     90101708112
 234 222 190 146 105  77  69  88 129 177 213 229                     90101708121
 231 220 188 145 105  71  55  68 106 158 199 219                     90101708122
 227 225 206 170 128  93  73  75  99 139 181 208                     90101708131
 219 219 206 176 139 107  84  77  96 135 179 208                     90101708132
 221 226 221 198 164 128 101  87  91 115 153 189                     90101708141
 212 219 217 204 180 150 124 110 113 134 168 202                     90101708142
 220 226 225 217 197 168 137 113  99 100 120 150                     90101708151
 183 206 213 209 199 183 161 140 129 131 147 170                     90101708152
 196 215 221 218 209 191 167 141 116  99  97 111                     90101708161
 134 163 191 202 199 195 187 172 154 139 138 149                     90101708162
 166 185 202 212 213 206 193 172 145 119  99  91                     90101708171
  96 115 146 179 196 199 202 198 186 167 148 137                     90101708172
 140 153 171 190 207 216 213 199 175 148 118  88                     90101708181
  70  73  95 130 170 197 207 212 211 197 172 144                     90101708182
 124 122 135 156 183 210 225 226 211 183 147 108                     90101708191
  74  54  55  80 125 173 204 218 226 220 197 165                     90101708192
 132 109 105 121 153 192 222 236 238 221 186 143                     90101708201
  99  61  40  45  80 134 182 214 235 243 229 196                     90101708202
 156 119  93  91 115 159 207 238 250 248 229 187                     90101708211
 136  88  48  30  44  94 157 204 229 244 245 225                     90101708212
 184 137  99  80  89 124 175 220 245 256 252 223                     90101708221
 173 121  72  35  27  55 112 174 214 235 245 237                     90101708222
 205 157 110  75  64  83 129 185 227 246 252 242                     90101708231
 206 155 104  58  30  36  77 142 198 228 241 244                     90101708232
 226 185 135  93  65  66  98 150 203 235 249 250                     90101708241
 233 193 144  97  58  44  65 116 177 221 241 248                     90101708242
 241 211 165 120  86  70  84 123 174 219 242 247                     90101708251
 242 218 175 131  92  64  65  97 150 202 230 241                     90101708252
 242 224 187 144 106  78  72  96 139 182 212 226                     90101708261
 228 216 189 151 115  87  75  90 127 173 211 229                     90101708262
 231 223 200 163 126  95  79  84 111 150 189 213                     90101708271
 219 214 200 173 142 115  99 100 122 158 195 218                     90101708272
 226 222 209 183 151 121  99  91 102 128 160 191                     90101708281
 208 206 198 186 167 144 125 118 125 146 175 202                     90101708282
 217 217 207 192 170 146 126 111 107 116 135 160                     90101708291
 182 196 195 184 174 164 152 140 138 147 162 179                     90101708292
 194 203 201 192 180 164 147 132 119 115 121 134                     90101708301
 150 168 182 185 179 173 169 164 157 154 157 165                     90101708302
 175 184 189 193 189 181 170 157 142 128 118 118                     90101708311
 125 138 154 171 182 183 182 181 176 167 157 152                     90101708312
 153 159 169 179 187 191 187 175 157 140 124 112                     90101709011
 107 111 123 143 167 182 185 187 185 176 162 146                     90101709012
 137 137 147 161 177 190 196 192 178 156 133 113                     90101709021
  98  92  99 118 147 177 193 198 199 191 176 154                     90101709022
 131 120 124 142 164 188 206 211 201 180 152 123                     90101709031
  97  77  74  89 119 158 188 202 207 204 189 165                     90101709032
 134 110 104 117 143 176 205 219 218 205 179 143                     90101709041
 109  80  62  66  93 138 182 207 218 222 211 185                     90101709042
 150 115  95  96 118 156 197 225 234 229 209 174                     90101709051
 132  94  63  51  68 111 162 201 222 232 228 205                     90101709052
 167 125  93  78  90 127 175 218 241 246 237 205                     90101709061
 160 115  74  47  50  85 140 194 227 243 247 232                     90101709062
 195 148 106  77  74 102 153 207 242 257 259 240                     90101709071
 194 142  96  58  42  60 109 170 214 237 249 245                     90101709072
 218 170 121  81  58  67 109 168 217 241 251 248                     90101709081
 222 173 123  78  46  44  78 137 193 225 242 249                     90101709082
 234 195 144  98  64  51  74 126 184 222 242 250                     90101709091
 240 205 155 109  73  54  68 112 170 213 233 244                     90101709092
 243 217 170 122  80  54  56  90 144 193 222 237                     90101709101
 240 224 187 142 102  76  71  96 143 193 225 237                     90101709102
 241 229 198 155 113  79  64  77 114 165 206 227                     90101709111
 238 238 220 186 150 122 106 112 139 180 219 243                     90101709112
 248 240 220 185 148 113  84  72  83 115 158 195                     90101709121
 214 216 210 193 166 138 117 109 119 144 175 203                     90101709122
 220 220 211 193 166 137 107  83  75  85 111 145                     90101709131
 178 196 197 192 183 166 145 128 122 130 148 168                     90101709132
 187 200 203 196 181 160 138 114  92  80  84 102                     90101709141
 129 158 178 182 181 180 173 160 145 133 133 144                     90101709142
 158 171 184 193 193 184 170 149 125 102  84  78                     90101709151
  86 106 136 162 175 183 188 185 174 156 137 127                     90101709152
 130 143 160 180 196 204 203 192 169 140 112  87                     90101709161
  73  78 102 138 175 195 202 209 207 191 169 143                     90101709162
 126 124 138 164 194 217 229 231 219 191 155 120                     90101709171
  92  77  82 111 159 201 217 220 223 217 190 154                     90101709172
 127 112 111 122 148 188 221 236 235 217 184 145                     90101709181
 105  72  57  68 107 160 205 231 243 245 229 192                     90101709182
 148 111  89  91 118 162 209 237 249 248 228 187                     90101709191
 139  94  58  47  70 123 181 220 240 249 243 212                     90101709192
 166 120  85  70  84 126 180 222 245 255 249 218                     90101709201
 170 122  78  47  50  87 147 204 237 250 251 231                     90101709202
 187 136  94  63  58  87 141 196 231 247 252 236                     90101709211
 195 145 101  62  46  66 117 178 223 243 251 241                     90101709212
 207 158 111  73  53  65 109 168 217 242 251 248                     90101709221
 223 178 133  91  61  61  95 153 207 235 247 245                     90101709222
 223 180 132  91  59  53  80 130 184 219 235 240                     90101709231
 230 199 156 113  80  65  81 127 182 222 238 242                     90101709232
 232 202 157 113  77  56  64 101 154 199 221 229                     90101709241
 227 211 179 140 107  87  91 121 165 207 229 236                     90101709242
 232 211 174 135 101  76  70  90 130 176 207 219                     90101709251
 221 214 194 164 132 110 105 120 153 190 218 228                     90101709252
 225 213 189 157 125  98  82  88 112 146 183 206                     90101709261
 209 204 196 180 157 133 121 126 146 171 198 217                     90101709262
 220 212 196 173 147 124 107 101 112 135 165 192                     90101709271
 204 205 203 196 184 168 153 147 155 173 189 205                     90101709272
 217 219 209 191 171 152 131 115 110 117 132 152                     90101709281
 172 184 181 176 173 168 160 152 149 153 161 172                     90101709282
 183 191 195 193 184 171 155 138 125 118 119 126                     90101709291
 138 154 168 175 175 176 176 172 162 151 144 145                     90101709292
 152 160 168 174 176 173 164 151 136 120 110 106                     90101709301
 107 116 134 156 172 179 182 182 175 162 145 133                     90101709302
 129 134 147 162 176 188 191 181 164 145 126 108                     90101710011
  96 100 114 139 169 189 200 208 205 190 166 139                     90101710012
 122 120 128 148 172 198 216 218 205 183 155 129                     90101710021
 106  95 100 123 161 199 223 232 230 217 192 157                     90101710022
 126 107 104 120 152 190 219 229 222 202 169 132                     90101710031
  98  70  60  77 116 164 203 221 225 218 194 156                     90101710032
 117  85  68  76 111 161 203 225 229 217 189 147                     90101710041
 104  67  44  47  81 133 182 213 228 230 214 176                     90101710042
 129  87  57  50  77 129 185 220 235 239 224 184                     90101710051
 135  90  54  38  58 110 168 209 231 243 239 211                     90101710052
 164 116  74  46  53  98 163 214 245 263 262 230                     90101710061
 179 130  88  58  57  88 143 199 232 251 258 239                     90101710062
 194 139  92  54  38  62 119 183 226 249 260 251                     90101710071
 216 164 114  73  52  65 111 173 222 245 254 247                     90101710072
 215 162 110  64  31  29  67 131 191 226 244 249                     90101710081
 233 193 143  99  67  59  84 137 194 232 246 248                     90101710082
 230 189 138  92  51  28  40  84 146 196 223 235                     90101710091
 236 216 177 133  97  77  83 116 164 212 239 244                     90101710092
 237 211 169 126  84  49  38  57 104 161 204 223                     90101710101
 228 222 202 168 134 108  97 107 139 181 218 236                     90101710102
 236 223 196 159 123  88  61  56  76 117 165 200                     90101710111
 215 217 212 196 169 141 122 119 132 157 185 210                     90101710112
 225 224 209 184 156 128  99  77  73  91 123 161                     90101710121
 190 201 202 200 191 175 156 139 134 143 159 176                     90101710122
 191 205 209 199 180 157 134 112  94  87  95 116                     90101710131
 145 174 189 191 191 189 181 168 149 136 135 143                     90101710132
 155 168 183 195 196 187 171 150 126 103  89  87                     90101710141
  99 124 154 175 185 190 193 187 171 149 128 117                     90101710142
 119 132 150 170 192 204 198 180 154 127 104  84                     90101710151
  72  80 109 148 179 194 202 201 190 169 141 112                     90101710152
  97  98 113 139 172 199 209 207 194 165 130  98                     90101710161
  73  64  77 113 156 188 205 214 212 197 167 130                     90101710162
  98  81  85 108 147 189 217 226 222 202 168 128                     90101710171
  91  65  59  81 126 174 207 223 227 217 189 148                     90101710172
 109  78  63  73 109 159 200 221 231 228 203 162                     90101710181
 120  86  61  63  97 152 198 223 237 238 218 176                     90101710182
 130  90  62  58  84 133 184 219 237 244 233 201                     90101710191
 156 113  80  67  85 132 189 227 245 252 242 209                     90101710192
 160 116  80  58  66 106 162 207 231 244 245 227                     90101710201
 187 142 101  74  74 107 161 212 238 249 248 224                     90101710202
 180 131  90  59  51  76 128 182 216 235 246 239                     90101710211
 211 167 122  90  77  92 136 191 231 246 247 235                     90101710212
 202 156 113  78  58  64 102 158 205 231 245 246                     90101710221
 230 197 156 118  95  97 125 173 217 239 245 238                     90101710222
 212 171 126  87  59  51  70 114 165 200 216 223                     90101710231
 220 201 168 133 106  99 115 151 193 223 233 230                     90101710232
 216 186 147 110  78  58  61  91 138 184 210 218                     90101710241
 218 207 183 152 122 104 107 130 164 199 223 227                     90101710242
 215 193 160 125  94  70  61  76 109 152 187 201                     90101710251
 203 198 184 162 137 116 110 123 149 178 205 217                     90101710252
 213 200 178 149 122  99  83  84 103 136 172 196                     90101710261
 202 199 194 183 165 148 136 136 149 169 189 205                     90101710262
 211 206 192 171 149 128 109  99 104 122 148 175                     90101710271
 192 194 191 189 182 171 159 151 151 159 173 186                     90101710272
 196 201 198 187 171 154 139 127 120 123 133 149                     90101710281
 170 182 182 184 185 185 181 170 158 151 151 157                     90101710282
 165 177 189 193 189 177 162 148 136 131 129 126                     90101710291
 133 150 171 187 189 186 188 185 178 162 143 135                     90101710292
 137 145 160 173 183 185 176 165 151 132 115 103                     90101710301
 103 115 136 163 184 194 199 198 185 163 135 113                     90101710302
 105 111 129 155 184 204 208 196 178 153 126 104                     90101710311
  90  89 108 141 176 198 208 211 202 179 147 115                     90101710312
  91  83  94 123 162 197 215 216 205 181 148 116                     90101711011
  88  71  76 107 151 191 214 224 224 207 172 130                     90101711012
  93  67  63  87 132 181 215 229 230 216 182 140                     90101711021
 104  75  63  83 128 179 215 232 241 232 199 153                     90101711022
 107  69  47  55  96 154 201 227 240 239 218 175                     90101711031
 129  90  62  61  94 150 200 227 242 245 225 179                     90101711032
 128  82  41  23  44  97 160 204 228 240 234 203                     90101711041
 152 100  59  37  49  93 153 200 224 235 228 193                     90101711042
 139  87  41   8   7  44 110 172 208 229 240 228                     90101711051
 190 138  91  57  48  73 127 185 221 236 240 223                     90101711052
 178 123  72  26   0  11  59 127 181 211 232 239                     90101711061
 221 180 131  91  68  71 104 156 206 232 242 238                     90101711062
 212 164 112  62  21   5  25  79 144 191 215 228                     90101711071
 230 209 169 127  93  78  92 130 178 219 237 239                     90101711072
 229 198 152 106  63  32  28  53 104 160 198 216                     90101711081
 224 221 200 167 132 107 101 116 147 185 217 230                     90101711082
 226 209 176 137  99  62  38  37  62 108 156 186                     90101711091
 198 202 198 180 153 127 108 106 124 151 180 204                     90101711092
 212 207 191 164 135 105  76  60  63  86 123 160                     90101711101
 182 191 198 198 186 168 147 132 134 147 162 176                     90101711102
 190 200 205 197 176 150 119  93  79  78  89 112                     90101711111
 145 173 185 186 184 179 166 147 129 119 120 129                     90101711112
 142 158 175 186 185 171 151 129 107  89  83  89                     90101711121
 109 137 165 180 185 187 183 170 150 129 112 105                     90101711122
 110 124 143 165 185 191 181 165 145 122 101  88                     90101711131
  90 107 135 166 185 195 199 195 181 153 123 102                     90101711132
  92  96 114 143 177 201 205 197 180 154 126 100                     90101711141
  83  83 103 139 176 198 207 208 196 171 137 107                     90101711142
  83  72  82 109 145 181 202 208 203 182 149 114                     90101711151
  85  68  73 103 146 186 210 219 215 194 159 121                     90101711152
  85  56  47  66 107 154 190 206 207 199 175 137                     90101711161
 100  72  59  73 114 163 197 211 214 206 178 134                     90101711162
  92  57  34  39  72 123 170 198 212 217 205 172                     90101711171
 129  91  69  70  97 142 188 217 229 228 206 164                     90101711172
 117  77  45  33  51  96 152 195 216 224 222 201                     90101711181
 162 119  83  64  74 109 159 201 222 224 208 171                     90101711182
 123  81  45  20  22  53 105 161 198 210 210 196                     90101711191
 163 122  86  61  56  80 125 175 207 218 213 189                     90101711192
 146 102  62  28  14  32  77 134 180 203 211 209                     90101711201
 188 150 111  78  63  73 108 154 193 211 212 197                     90101711202
 164 120  79  41  17  19  49 101 153 184 197 202                     90101711211
 195 171 135  98  74  74  98 139 179 204 212 207                     90101711212
 184 146 105  68  39  28  43  82 134 176 195 202                     90101711221
 200 185 157 123  97  88  99 127 164 197 216 217                     90101711222
 202 173 136  99  66  41  38  58  98 145 180 191                     90101711231
 188 178 161 134 110  93  92 111 143 175 199 209                     90101711232
 201 178 146 115  84  57  46  57  85 124 161 183                     90101711241
 188 184 174 153 128 105  93  98 118 142 165 182                     90101711242
 186 177 156 127  99  70  49  46  61  89 124 154                     90101711251
 165 166 164 156 142 125 108 100 105 121 140 158                     90101711252
 170 174 166 147 126 106  85  71  72  87 111 139                     90101711261
 163 172 169 166 162 150 133 116 106 107 117 130                     90101711262
 144 156 162 159 145 126 107  91  79  76  85 103                     90101711271
 128 148 157 160 164 163 154 137 118 104  99 103                     90101711272
 114 129 148 162 167 159 142 123 106  94  86  88                     90101711281
 102 124 149 165 173 176 174 163 140 115  95  84                     90101711282
  86  99 122 148 169 178 170 153 131 108  90  77                     90101711291
  76  92 119 150 174 185 189 183 164 132  99  72                     90101711292
  58  63  85 120 159 186 193 187 170 141 111  87                     90101711301
  71  71  90 125 165 190 199 201 187 153 113  77                     90101711302
  46  30  40  74 122 166 191 196 190 171 136  98                     90101712011
  67  49  52  82 129 171 194 202 201 178 137  92                     90101712012
  49  15   4  26  75 132 172 193 204 201 175 134                     90101712021
  92  60  44  56  97 149 188 210 221 215 180 126                     90101712022
  74  28  -5  -8  26  87 147 185 208 220 210 175                     90101712031
 129  86  54  44  67 117 172 210 228 232 213 167                     90101712032
 113  61  12 -16  -9  39 110 167 200 222 231 215                     90101712041
 176 131  91  62  59  89 140 191 222 236 233 205                     90101712042
 154 100  45  -3 -25  -8  44 116 174 207 225 228                     90101712051
 206 163 115  75  53  61  98 153 201 225 232 222                     90101712052
 189 140  88  35  -7 -21   4  63 131 177 200 214                     90101712061
 216 194 154 110  76  63  77 116 165 202 217 219                     90101712062
 208 174 126  77  31   0  -3  26  85 144 180 201                     90101712071
 213 208 183 145 109  84  78  96 131 170 202 217                     90101712072
 215 195 161 120  78  39  14  15  43  91 140 172                     90101712081
 185 190 184 162 131 100  78  76  93 123 159 187                     90101712082
 201 197 175 145 114  82  50  31  38  68 112 153                     90101712091
 175 182 185 179 160 134 109  92  90 105 130 155                     90101712092
 177 189 183 166 146 121  97  74  63  71  94 130                     90101712101
 162 179 186 190 187 172 147 123 107 103 111 126                     90101712102
 144 164 179 183 174 153 131 110  88  76  78  95                     90101712111
 123 153 174 182 183 176 160 138 113  91  77  78                     90101712112
  92 112 134 156 169 168 156 137 115  94  76  72                     90101712121
  86 113 142 164 173 174 171 161 141 114  90  74                     90101712122
  70  81 103 131 157 170 169 161 147 125 102  84                     90101712131
  79  90 112 141 165 178 178 173 158 131 102  74                     90101712132
  54  53  70  99 134 163 175 174 168 153 127 100                     90101712141
  82  79  93 121 154 178 188 188 177 154 121  90                     90101712142
  62  43  45  69 107 147 171 179 181 175 153 123                     90101712151
  96  80  80 100 133 168 190 198 196 179 147 111                     90101712152
  77  46  31  43  77 124 166 188 193 191 179 153                     90101712161
 120  92  75  79 105 144 182 205 207 195 166 125                     90101712162
  83  43  13   9  33  77 129 172 190 190 182 162                     90101712171
 131  98  71  60  74 112 158 193 208 205 185 147                     90101712172
 105  65  30  10  19  56 110 155 179 191 195 183                     90101712181
 153 114  79  58  62  92 136 179 204 210 199 169                     90101712182
 126  83  43  13   7  31  79 134 174 194 199 193                     90101712191
 170 135  99  69  57  72 111 158 192 205 202 183                     90101712192
 146 101  60  24   5  14  51 105 153 179 191 195                     90101712201
 183 154 116  80  59  63  91 134 174 197 202 193                     90101712202
 166 125  82  42  12   5  27  74 128 164 182 192                     90101712211
 189 169 136 100  73  66  82 117 160 192 203 200                     90101712212
 183 150 109  70  36  17  21  53 103 150 177 187                     90101712221
 190 181 155 120  89  71  73  98 136 172 194 199                     90101712222
 192 169 133  96  62  34  28  46  85 132 167 182                     90101712231
 188 186 171 144 116  92  83  94 121 156 185 198                     90101712232
 197 185 158 126  94  64  46  49  75 117 158 183                     90101712241
 194 198 193 178 157 130 109 104 118 141 164 183                     90101712242
 194 192 173 147 119  88  62  52  61  86 122 158                     90101712251
 179 183 180 173 156 133 110  96  95 107 127 152                     90101712252
 172 181 177 162 141 116  91  72  64  75  98 128                     90101712261
 155 170 174 174 169 156 133 109  94  91  95 108                     90101712262
 128 148 163 167 158 141 119  96  78  68  75  95                     90101712271
 122 149 164 168 168 164 152 131 105  83  71  74                     90101712272
  92 117 142 163 172 165 149 129 109  91  79  79                     90101712281
  94 120 149 168 175 176 170 153 127  98  73  56                     90101712282
  55  72 101 136 165 176 173 161 140 117  94  78                     90101712291
  74  87 114 145 171 183 184 176 155 124  90  55                     90101712292
  31  30  50  89 136 167 181 184 177 157 128  96                     90101712301
  73  72  91 122 159 189 201 203 194 165 122  79                     90101712302
  42  18  21  52 105 157 186 198 205 199 174 137                     90101712311
 100  74  66  83 121 167 201 214 212 192 154 108                     90101712312
