  53  66  91 124 151 162 160 154 142 123 102  88                     90101901011
  85  95 116 141 165 178 178 169 148 120  90  61                     90101901012
  42  41  56  84 119 151 164 163 158 145 124  99                     90101901021
  79  75  87 111 144 171 182 183 171 145 112  79                     90101901022
  49  30  30  53  93 134 162 173 177 173 154 125                     90101901031
  97  76  71  86 117 154 180 189 186 169 137  99                     90101901032
  64  31  13  20  54 102 144 168 177 180 174 153                     90101901041
 122  91  71  72  98 138 174 195 200 193 170 131                     90101901042
  90  50  19  11  33  76 127 167 186 195 193 175                     90101901051
 145 109  79  65  76 110 154 190 206 205 188 154                     90101901052
 112  69  29   5   9  43  94 143 173 187 193 186                     90101901061
 163 128  90  63  61  85 127 172 200 206 198 174                     90101901062
 134  91  49  15   3  19  62 119 162 184 196 198                     90101901071
 181 148 109  75  60  71 104 150 189 204 204 191                     90101901072
 159 115  72  35   9   9  40  92 145 176 190 197                     90101901081
 191 166 129  92  67  64  85 125 168 196 205 199                     90101901082
 175 136  93  51  16  -1   9  48 104 149 169 178                     90101901091
 181 167 136  99  66  51  62  94 136 169 185 189                     90101901092
 180 152 112  73  40  16  16  43  91 140 168 180                     90101901101
 187 183 160 125  93  69  64  83 119 155 181 194                     90101901102
 190 169 135  98  65  36  22  34  70 117 154 171                     90101901111
 178 177 163 137 105  78  65  70  93 126 158 179                     90101901112
 183 173 149 117  85  57  38  37  59  98 140 166                     90101901121
 175 177 170 151 126  99  79  73  85 107 132 158                     90101901122
 176 175 160 137 110  85  63  50  57  81 115 147                     90101901131
 163 167 166 159 143 118  91  75  73  82 101 127                     90101901132
 151 164 162 149 132 111  89  73  68  77  99 129                     90101901141
 153 164 164 162 156 140 116  94  80  76  83  98                     90101901142
 120 143 157 157 149 137 122 104  92  90  96 112                     90101901151
 134 155 164 166 165 158 142 122 102  86  76  77                     90101901152
  90 110 133 152 160 155 141 127 113 101  92  90                     90101901161
 101 123 143 156 162 163 158 141 119  94  71  55                     90101901162
  56  72  97 127 152 162 162 158 148 131 110  94                     90101901171
  90 102 122 147 169 180 180 173 154 123  89  58                     90101901172
  36  33  51  84 123 153 165 169 168 157 134 106                     90101901181
  83  76  86 111 145 170 184 186 176 152 116  76                     90101901182
  37  11  11  36  82 131 163 178 186 183 164 132                     90101901191
  99  75  70  85 118 158 188 202 204 188 151 108                     90101901192
  64  23  -1   4  41  98 152 183 199 207 198 169                     90101901201
 131  92  62  55  76 118 164 198 215 213 188 145                     90101901202
  95  42  -5 -30 -21  25  90 146 179 199 208 194                     90101901211
 157 112  70  43  43  74 125 177 210 223 218 188                     90101901212
 139  85  31 -16 -35 -15  41 112 163 192 211 215                     90101901221
 193 149 100  58  36  46  86 143 190 215 225 216                     90101901222
 179 127  73  20 -20 -31  -2  59 126 172 199 215                     90101901231
 212 184 136  86  50  36  53  99 156 200 220 225                     90101901232
 211 171 117  63  14 -18 -17  20  85 145 179 200                     90101901241
 211 200 163 115  70  42  39  65 112 161 191 206                     90101901242
 210 194 153 103  57  17  -4   6  49 111 160 187                     90101901251
 203 206 186 145 101  66  47  51  80 123 165 191                     90101901252
 201 198 177 139  98  58  25  12  31  77 129 165                     90101901261
 184 191 184 160 125  89  59  42  47  74 113 151                     90101901262
 172 174 167 150 121  91  63  42  40  65 107 147                     90101901271
 169 178 178 169 148 118  86  65  56  64  85 113                     90101901272
 142 161 165 160 149 131 110  90  78  80  98 128                     90101901281
 159 178 183 181 170 150 124  99  77  64  68  81                     90101901282
  99 122 144 152 145 136 127 112  96  87  88 102                     90101901291
 123 143 157 162 160 152 136 115  94  74  63  61                     90101901292
  70  85 109 133 144 144 141 135 124 111 100  97                     90101901301
 105 120 137 151 161 162 155 142 123 102  83  65                     90101901302
  57  61  78 105 136 155 159 161 159 149 133 117                     90101901311
 108 111 124 143 162 175 172 157 142 120  96  74                     90101901312
  51  36  38  58  94 135 160 167 166 158 143 121                     90101902011
  97  80  81  96 121 149 169 177 171 151 121  89                     90101902012
  58  35  26  38  69 112 148 166 175 177 168 147                     90101902021
 117  89  75  81 104 139 172 189 191 179 154 121                     90101902022
  84  47  23  21  44  88 132 162 179 191 192 176                     90101902031
 146 113  89  85 106 140 176 204 217 214 195 158                     90101902032
 113  69  33  13  19  54 105 151 178 190 191 177                     90101902041
 146 109  76  53  55  84 128 168 193 200 191 163                     90101902042
 120  75  34   6   1  25  75 128 162 180 191 188                     90101902051
 164 127  87  56  48  68 110 156 187 202 206 190                     90101902052
 152 107  66  31  11  22  61 115 162 185 196 201                     90101902061
 190 153 109  75  56  60  89 133 175 200 212 206                     90101902062
 177 131  87  51  22  13  35  87 145 183 201 208                     90101902071
 203 177 134  90  59  49  66 106 155 191 204 203                     90101902072
 187 150 105  62  25   6  15  55 113 160 183 190                     90101902081
 188 173 139  96  61  39  42  74 123 168 194 201                     90101902082
 195 171 127  85  52  27  22  45  91 142 175 190                     90101902091
 193 182 154 115  76  48  37  48  84 131 167 185                     90101902092
 184 168 138  99  63  37  23  33  70 118 156 176                     90101902101
 184 181 162 129  95  67  50  50  72 109 147 171                     90101902102
 180 177 162 132  98  70  49  43  62 100 141 166                     90101902111
 174 173 162 138 107  77  52  40  47  71 105 138                     90101902112
 157 160 153 136 111  84  62  50  56  79 114 145                     90101902121
 161 165 163 151 130 103  76  56  48  58  80 110                     90101902122
 138 153 152 143 130 112  92  77  72  82 103 127                     90101902131
 147 157 157 152 140 120  98  77  60  52  58  74                     90101902132
  99 124 138 141 138 132 121 107  93  86  92 109                     90101902141
 127 141 149 151 148 140 124 103  82  66  56  53                     90101902142
  61  82 110 130 138 142 142 133 121 112 104 101                     90101902151
 108 121 136 149 159 162 158 144 124 100  74  52                     90101902152
  43  51  73 106 138 154 161 168 166 151 127 103                     90101902161
  87  85  97 120 146 168 177 173 156 128  93  59                     90101902162
  29  13  19  48  94 135 158 171 179 174 152 123                     90101902171
  92  70  67  84 113 149 178 190 187 165 127  84                     90101902172
  43   5 -15  -4  37  95 142 168 185 193 181 151                     90101902181
 111  73  49  51  78 123 166 192 203 202 178 132                     90101902182
  80  31 -10 -27  -8  47 113 160 193 217 222 199                     90101902191
 155 108  69  50  57  90 139 182 209 223 220 185                     90101902192
 131  73  19 -23 -35  -7  56 125 170 198 215 209                     90101902201
 173 121  70  32  14  30  77 136 181 206 218 208                     90101902202
 166 108  50  -4 -40 -38   4  74 136 175 200 210                     90101902211
 194 151  97  47  14   5  32  89 148 186 208 216                     90101902212
 199 152  94  43  -3 -28 -15  37 106 160 189 206                     90101902221
 207 181 129  74  32   9  13  49 108 161 192 210                     90101902222
 210 183 135  82  39   5  -8  17  73 132 171 191                     90101902231
 199 189 154 104  59  24   7  22  66 120 158 175                     90101902232
 185 182 158 116  72  38  15  19  54 106 152 177                     90101902241
 189 189 170 132  89  54  30  26  47  87 129 160                     90101902242
 174 176 169 146 113  83  60  50  64  99 142 172                     90101902251
 183 185 178 155 121  88  60  42  43  63  95 128                     90101902252
 151 159 155 146 130 109  87  71  70  87 114 142                     90101902261
 160 165 162 152 132 108  84  63  52  57  74  94                     90101902262
 117 137 143 141 138 129 115 101  94  98 111 126                     90101902271
 140 150 156 154 146 131 113  94  80  72  70  76                     90101902272
  90 111 130 139 140 139 138 132 122 114 111 113                     90101902281
 122 131 138 145 149 148 137 120 102  87  74  67                     90101902282
  67  73  89 113 134 141 141 142 139 130 118 107                     90101903011
 102 104 113 126 139 148 152 145 129 109  88  69                     90101903012
  57  53  62  82 111 136 146 150 153 148 133 115                     90101903021
  97  87  91 107 128 148 165 169 159 138 110  82                     90101903022
  59  44  44  62  93 129 153 165 171 171 159 135                     90101903031
 107  82  75  89 118 148 173 186 185 173 147 114                     90101903032
  83  54  36  42  68 110 150 173 185 189 179 153                     90101903041
 116  83  65  65  84 119 156 180 188 184 163 126                     90101903042
  87  51  21  13  32  73 123 160 178 186 183 163                     90101903051
 127  88  59  48  59  92 136 171 189 195 185 153                     90101903052
 110  66  29   7  14  50 102 151 180 194 198 183                     90101903061
 149 107  71  46  45  75 123 168 193 205 205 183                     90101903062
 139  91  50  18   8  30  77 133 173 192 199 189                     90101903071
 161 119  75  40  23  36  78 131 169 190 198 189                     90101903072
 154 104  59  26   4  11  50 106 156 183 198 201                     90101903081
 180 137  89  50  26  27  59 112 161 188 199 200                     90101903082
 180 137  88  48  19  10  34  84 139 175 193 199                     90101903091
 187 155 109  67  35  22  42  88 141 181 199 207                     90101903092
 198 167 121  77  45  28  39  79 133 176 197 209                     90101903101
 208 187 148 105  69  48  47  75 122 167 197 214                     90101903102
 212 190 150 105  71  46  40  63 107 156 191 204                     90101903111
 205 192 160 121  84  55  43  56  93 144 185 205                     90101903112
 208 200 179 144 108  80  65  72 102 143 180 200                     90101903121
 202 195 175 140 104  72  47  45  67 106 152 185                     90101903122
 196 195 183 157 123  91  71  65  78 107 141 168                     90101903131
 180 175 161 139 108  78  53  38  43  67  99 133                     90101903132
 160 168 165 156 137 114  92  80  83  98 122 145                     90101903141
 160 164 161 149 128 103  80  58  46  48  65  92                     90101903142
 123 143 149 148 145 138 126 113 104 105 116 132                     90101903151
 148 160 167 165 157 141 122 104  81  65  63  72                     90101903152
  91 113 132 150 155 154 154 145 129 114 100  99                     90101903161
 109 118 133 145 151 153 146 129 109  86  65  53                     90101903162
  51  64  90 122 151 165 172 174 166 148 124 102                     90101903171
  90  90 100 117 140 161 171 165 146 118  86  55                     90101903172
  31  22  34  68 112 145 163 176 181 170 144 114                     90101903181
  84  68  71  91 124 159 183 195 194 172 132  88                     90101903182
  49  19   9  29  75 128 166 189 204 204 183 146                     90101903191
 104  67  48  54  85 132 175 201 213 210 183 135                     90101903192
  85  39   4  -5  22  78 138 177 201 216 210 177                     90101903201
 131  86  49  32  50  96 147 191 224 241 234 196                     90101903202
 142  91  43  10  13  55 121 181 217 237 241 221                     90101903211
 175 118  69  36  29  56 111 171 212 236 246 229                     90101903212
 182 123  71  25  -2  11  63 132 186 215 229 223                     90101903221
 187 130  74  29  -1   2  44 109 167 202 221 225                     90101903222
 202 151  94  46  10   1  31  92 155 194 216 225                     90101903231
 208 159  98  45   5 -13   8  63 129 176 203 216                     90101903232
 211 179 129  81  42  15  18  58 118 169 197 212                     90101903241
 210 179 128  78  37   7   3  33  87 144 179 196                     90101903242
 204 194 162 118  79  50  43  63 107 157 190 203                     90101903251
 207 193 158 113  71  37  18  26  62 113 158 182                     90101903252
 192 191 175 146 113  85  68  72  97 134 170 189                     90101903261
 194 188 167 132  95  63  39  34  49  81 120 152                     90101903262
 167 170 165 152 131 108  91  85  96 120 148 171                     90101903271
 183 182 174 154 125  99  77  62  62  76 102 132                     90101903272
 158 167 164 159 153 141 124 111 109 118 134 152                     90101903281
 164 170 165 153 137 117  98  83  74  74  83  99                     90101903282
 120 139 147 146 144 146 145 137 128 123 125 133                     90101903291
 141 148 155 158 156 148 135 121 109  98  92  91                     90101903292
  96 110 130 147 154 159 162 163 157 143 130 122                     90101903301
 121 128 138 147 155 160 159 151 137 118 101  87                     90101903302
  77  75  84 104 130 155 167 166 160 149 132 111                     90101903311
  95  90  95 109 128 148 161 163 152 132 109  87                     90101903312
  69  60  62  82 114 143 160 166 165 156 135 107                     90101904011
  78  61  62  76 102 133 159 171 167 150 123  94                     90101904012
  67  48  42  56  90 130 158 172 180 178 161 128                     90101904021
  92  63  51  59  86 124 161 181 185 176 153 118                     90101904022
  81  49  29  33  63 108 147 169 182 186 173 142                     90101904031
 102  67  44  43  65 107 150 177 190 191 176 141                     90101904032
  97  60  32  23  42  84 134 170 189 198 192 164                     90101904041
 121  77  44  28  38  79 134 178 201 211 204 176                     90101904042
 132  87  51  29  33  69 124 173 201 214 214 195                     90101904051
 154 106  65  37  33  61 113 168 204 219 223 207                     90101904052
 168 118  74  40  28  48  95 151 190 208 213 201                     90101904061
 165 114  68  32  12  24  70 131 179 204 216 213                     90101904062
 185 138  90  53  32  38  74 128 176 203 215 214                     90101904071
 188 140  89  47  17  15  48 102 154 189 213 222                     90101904072
 207 167 117  76  48  39  61 107 158 194 211 213                     90101904081
 196 157 108  64  29  10  21  63 120 167 193 205                     90101904082
 201 175 133  90  57  38  44  77 127 170 191 198                     90101904091
 191 166 125  80  42  15  10  36  89 143 176 197                     90101904092
 210 206 182 146 106  80  79  97 131 166 186 197                     90101904101
 201 187 153 110  71  36  16  22  51  97 145 175                     90101904102
 184 181 167 143 113  88  75  79 101 133 167 189                     90101904111
 193 184 165 134  99  68  40  27  38  68 110 146                     90101904112
 164 169 169 160 140 118  99  89  96 116 140 160                     90101904121
 172 174 165 146 120  94  69  48  39  46  67  99                     90101904122
 130 146 150 151 148 138 125 110  99 100 113 129                     90101904131
 143 154 160 156 144 127 108  86  67  56  56  66                     90101904132
  88 116 135 143 151 158 154 143 129 115 106 107                     90101904141
 116 128 142 157 167 167 153 133 111  89  69  58                     90101904142
  59  75 103 134 154 164 171 171 156 133 107  85                     90101904151
  78  83  97 121 149 173 180 169 147 116  84  55                     90101904152
  34  31  50  89 130 157 174 184 181 160 128  91                     90101904161
  61  50  61  88 127 164 184 191 187 165 126  84                     90101904162
  46  21  20  49 101 148 176 195 205 194 163 119                     90101904171
  78  48  37  52  91 141 180 201 213 207 174 126                     90101904172
  79  39  13  19  58 116 165 196 215 216 194 149                     90101904181
  95  52  21  14  40  93 151 191 214 225 212 171                     90101904182
 116  68  28   8  25  77 140 186 209 221 212 175                     90101904191
 119  65  20  -9  -5  37 102 156 189 209 215 195                     90101904192
 150  96  48  14   7  38  96 156 192 212 217 196                     90101904201
 149  92  43   5 -12   7  59 124 172 199 218 217                     90101904202
 187 137  86  46  24  32  73 133 183 210 223 217                     90101904211
 182 127  73  28  -4  -7  25  84 144 183 204 214                     90101904212
 203 169 122  80  48  38  59 105 158 194 210 212                     90101904221
 195 153 103  57  17  -4   5  46 105 153 179 194                     90101904222
 197 181 148 109  73  52  56  86 130 172 196 203                     90101904231
 197 173 133  89  47  18  15  36  79 131 166 184                     90101904232
 194 193 175 146 113  87  79  94 125 161 190 201                     90101904241
 200 189 160 122  86  56  37  40  63 103 145 171                     90101904242
 180 181 176 160 136 112  96  97 114 139 167 188                     90101904251
 193 185 167 140 112  85  59  47  55  79 113 148                     90101904252
 163 162 162 161 150 132 114 103 105 120 141 157                     90101904261
 170 175 167 149 126 104  80  64  63  72  87 109                     90101904262
 134 146 144 144 142 133 120 108 100  99 105 115                     90101904271
 124 133 139 140 132 115  99  86  74  69  73  82                     90101904272
  98 119 133 135 136 140 140 133 122 109 102 100                     90101904281
 104 112 121 133 141 141 131 116 101  89  79  75                     90101904282
  79  91 112 133 145 150 154 154 146 129 109  94                     90101904291
  90  99 115 132 151 164 165 157 145 125 104  89                     90101904292
  83  86  99 123 148 164 171 174 167 150 127 103                     90101904301
  86  82  90 110 136 164 181 180 167 146 119  94                     90101904302
  75  66  73  98 136 168 184 190 188 173 145 112                     90101905011
  83  66  66  85 118 156 186 197 193 178 149 114                     90101905012
  84  63  57  74 112 153 180 194 197 188 162 122                     90101905021
  86  57  42  51  84 129 169 192 199 192 169 131                     90101905022
  93  63  46  51  81 128 169 192 201 198 176 136                     90101905031
  92  55  29  24  48  96 147 182 197 200 187 154                     90101905032
 112  74  46  36  55  98 149 184 200 204 192 156                     90101905041
 108  64  27   7  18  61 121 169 194 207 205 182                     90101905042
 140  95  59  37  41  75 126 174 199 208 204 178                     90101905051
 131  81  39   7   1  30  86 145 183 204 213 203                     90101905052
 170 124  81  52  42  61 105 158 198 214 216 201                     90101905061
 163 114  67  24  -1   7  49 110 162 192 206 206                     90101905062
 187 148 104  65  43  46  76 125 173 199 208 203                     90101905071
 176 131  82  37   1  -9  15  68 130 172 193 204                     90101905072
 200 174 134  95  66  55  70 108 156 192 207 207                     90101905081
 193 161 118  74  33   7  10  42  98 151 183 196                     90101905082
 201 193 167 133  99  77  77 100 134 172 201 210                     90101905091
 203 183 149 109  69  34  18  27  62 113 158 182                     90101905092
 190 192 181 157 128 101  85  91 113 143 174 193                     90101905101
 197 188 166 136 102  69  41  30  41  72 115 152                     90101905102
 169 176 179 171 153 130 107  95 100 117 141 163                     90101905111
 179 185 178 160 136 108  79  55  46  55  80 116                     90101905112
 148 165 170 174 172 159 138 117 102 102 113 129                     90101905121
 144 160 174 176 163 142 117  91  67  54  57  73                     90101905122
 101 131 150 160 168 169 160 141 119  99  90  94                     90101905131
 105 122 145 166 174 170 155 132 107  82  64  57                     90101905132
  66  92 127 154 170 179 182 173 151 123  98  82                     90101905141
  77  87 110 141 169 184 184 173 150 119  91  66                     90101905142
  53  61  90 131 165 183 192 192 177 148 112  80                     90101905151
  60  56  71 103 144 177 193 197 188 162 124  89                     90101905152
  61  48  59  94 141 176 194 204 201 179 141  98                     90101905161
  62  38  36  61 106 153 185 202 207 196 166 125                     90101905162
  84  54  43  61 105 155 188 206 213 203 169 122                     90101905171
  78  42  20  27  63 118 166 193 210 216 200 164                     90101905172
 118  79  56  56  83 132 179 205 219 221 202 159                     90101905181
 107  61  26  12  29  76 133 173 197 215 215 193                     90101905182
 153 109  72  54  64 103 156 197 219 228 220 186                     90101905191
 136  86  43  14  13  44  98 151 185 209 222 215                     90101905192
 187 146 104  73  67  90 134 182 212 228 232 217                     90101905201
 178 128  82  43  21  31  70 126 176 203 217 222                     90101905202
 207 174 135  99  77  80 107 149 192 217 223 214                     90101905211
 186 143 100  58  25  15  36  82 139 180 200 209                     90101905212
 209 188 159 124  94  84  98 130 170 204 218 215                     90101905221
 198 166 125  85  48  25  28  58 105 155 184 195                     90101905222
 199 193 172 142 113  92  91 110 140 173 199 207                     90101905231
 199 178 146 111  74  45  36  49  81 126 165 183                     90101905232
 187 188 179 158 132 108  96 102 122 148 174 191                     90101905241
 194 181 157 128  97  68  49  46  63  95 133 162                     90101905242
 172 172 170 160 143 122 103  96 106 124 143 160                     90101905251
 173 175 162 140 116  91  69  57  60  76 101 131                     90101905252
 153 160 160 157 150 135 116 101  97 105 118 131                     90101905261
 145 157 161 154 136 116  98  81  73  77  89 105                     90101905262
 130 150 155 155 158 156 145 128 111 104 107 115                     90101905271
 128 141 153 161 159 149 134 119 107  97  95 103                     90101905272
 117 138 159 169 173 173 169 157 138 118 106 100                     90101905281
 103 114 130 150 163 166 156 136 117 101  89  84                     90101905282
  89 103 125 149 165 170 167 159 144 121  97  80                     90101905291
  76  84 101 125 152 170 173 163 146 125 104  87                     90101905292
  79  85 105 134 162 176 179 176 163 138 108  81                     90101905301
  63  58  72 100 135 165 179 177 167 148 122  96                     90101905302
  76  72  84 112 148 178 191 192 182 159 126  89                     90101905311
  57  38  39  64 106 149 178 189 188 175 150 118                     90101905312
  88  70  69  89 126 165 192 202 200 184 151 111                     90101906011
  73  40  26  40  77 127 170 192 199 196 177 144                     90101906012
 106  77  63  70  99 142 180 201 208 203 177 134                     90101906021
  89  49  20  16  41  92 147 183 202 210 201 175                     90101906022
 136  98  71  63  82 121 166 199 214 215 199 162                     90101906031
 113  69  30   6  13  53 113 162 191 209 215 201                     90101906032
 169 128  91  68  70  97 142 185 210 219 216 191                     90101906041
 145  96  51  13  -2  18  69 130 172 198 214 214                     90101906042
 193 156 116  81  67  82 116 161 200 217 221 210                     90101906051
 177 130  80  34   3   0  29  86 145 181 201 212                     90101906052
 205 180 143 105  77  72  92 129 172 203 216 215                     90101906061
 197 158 113  72  33   9  16  55 112 161 189 206                     90101906062
 214 207 183 149 116  96 101 127 162 200 222 229                     90101906071
 223 196 157 116  75  42  27  37  72 124 170 194                     90101906072
 202 203 191 161 128 100  84  90 112 144 177 198                     90101906081
 202 193 170 138 103  66  37  27  42  80 130 165                     90101906082
 182 190 192 182 159 130 103  90  98 119 146 173                     90101906091
 191 196 188 170 142 109  79  56  48  60  92 131                     90101906092
 161 175 183 186 177 157 130 106  92  96 111 131                     90101906101
 154 175 186 183 168 144 117  92  71  62  71  96                     90101906102
 129 156 171 179 183 177 159 133 107  91  90  99                     90101906111
 114 136 161 179 182 173 156 132 107  86  75  77                     90101906112
  95 126 156 174 183 186 180 162 134 106  84  73                     90101906121
  76  92 119 152 175 183 180 168 145 116  91  76                     90101906122
  76  94 125 156 176 188 193 185 163 129  96  71                     90101906131
  59  63  84 119 157 181 192 195 185 161 130 101                     90101906132
  81  81 102 137 170 191 202 206 195 166 128  93                     90101906141
  64  50  57  87 132 172 194 205 209 198 174 141                     90101906142
 110  93  97 122 159 194 213 221 219 198 162 121                     90101906151
  84  53  39  51  86 137 181 202 210 211 197 166                     90101906152
 130  98  84  93 123 165 201 217 220 213 185 142                     90101906161
  97  56  27  22  46  94 147 180 198 210 208 185                     90101906162
 150 112  83  74  89 125 169 202 215 217 202 166                     90101906171
 120  75  36  14  20  54 108 158 187 203 212 203                     90101906172
 175 138 100  75  76 102 143 184 210 220 215 191                     90101906181
 149 101  59  27  14  31  75 133 175 197 212 216                     90101906182
 201 168 128  95  81  93 125 167 206 224 226 213                     90101906191
 180 137  95  56  29  28  56 108 160 191 206 214                     90101906192
 209 187 154 119  93  88 107 142 182 211 222 217                     90101906201
 197 161 119  79  45  31  42  77 126 170 192 203                     90101906202
 206 196 170 137 107  91  98 124 159 193 213 216                     90101906211
 207 184 147 109  75  50  46  67 106 152 183 195                     90101906212
 202 201 186 158 126 102  95 110 138 170 196 207                     90101906221
 204 191 165 129  95  67  51  56  83 123 162 182                     90101906222
 189 192 186 169 144 118 101 101 117 143 169 189                     90101906231
 197 192 176 150 120  94  74  65  74 101 137 167                     90101906232
 180 184 184 175 157 133 110  97 100 115 135 156                     90101906241
 175 183 175 157 133 110  90  76  73  86 111 140                     90101906242
 162 170 172 170 163 147 126 105  94  98 110 126                     90101906251
 146 165 171 165 152 136 116  99  91  93 103 122                     90101906252
 144 160 168 173 173 164 148 129 110 100 101 108                     90101906261
 123 144 163 171 167 158 146 130 115 105 106 117                     90101906262
 135 157 174 182 186 186 179 164 144 125 110 105                     90101906271
 111 125 147 172 186 185 177 165 149 131 117 114                     90101906272
 121 138 159 180 191 194 191 180 160 134 110  93                     90101906281
  85  92 115 148 178 191 191 187 175 155 133 116                     90101906282
 109 117 139 165 187 199 203 199 183 155 126  99                     90101906291
  77  70  84 115 155 188 202 205 203 190 167 139                     90101906292
 116 111 123 148 178 207 223 225 214 188 151 114                     90101906301
  80  55  50  71 113 161 195 207 210 204 184 153                     90101906302
 123 101  98 114 144 182 211 224 222 206 171 130                     90101907011
  88  49  28  34  67 121 170 197 209 215 206 177                     90101907012
 140 108  86  88 114 153 192 217 224 220 196 157                     90101907021
 112  66  26  11  27  74 134 178 203 218 223 206                     90101907022
 170 130  95  78  88 120 165 207 229 233 223 192                     90101907031
 145  96  48  12   5  32  90 154 194 215 227 224                     90101907032
 201 163 121  90  80  97 135 182 218 235 237 222                     90101907041
 185 135  83  35   4   6  44 106 164 199 217 228                     90101907042
 222 193 152 113  86  85 109 149 194 224 236 237                     90101907051
 217 176 128  79  35  13  23  66 128 179 207 224                     90101907052
 231 219 186 146 109  87  92 120 162 203 227 235                     90101907061
 231 208 168 122  76  37  21  37  81 139 182 203                     90101907062
 215 218 201 168 130  96  79  88 117 156 193 213                     90101907071
 218 211 190 154 114  76  42  32  51  94 146 182                     90101907072
 198 207 207 189 156 120  92  82  91 116 150 183                     90101907081
 202 206 202 183 149 114  82  59  56  76 115 158                     90101907082
 185 197 203 199 181 152 120  95  86  94 115 144                     90101907091
 175 195 201 194 176 149 121  97  81  77  95 129                     90101907092
 165 189 198 199 193 176 149 120  98  89  92 107                     90101907101
 133 163 183 191 190 181 165 141 118 105 106 120                     90101907102
 146 173 191 200 204 200 184 158 131 109  95  93                     90101907111
 103 124 154 180 192 192 185 173 153 133 120 115                     90101907112
 124 144 170 193 204 205 199 181 154 126 102  84                     90101907121
  78  86 108 139 169 186 190 188 179 161 139 119                     90101907122
 111 120 141 166 190 203 205 199 180 152 122  94                     90101907131
  72  66  78 107 145 175 191 201 203 191 171 146                     90101907132
 122 112 121 143 171 199 215 216 205 181 147 113                     90101907141
  82  58  52  68 103 148 181 196 203 202 187 161                     90101907142
 130 105  98 112 139 173 201 215 212 197 169 131                     90101907151
  93  59  37  38  64 109 156 184 199 208 203 181                     90101907152
 148 116  92  91 112 147 182 207 216 212 192 155                     90101907161
 113  73  40  24  35  71 123 165 188 200 205 192                     90101907162
 163 127  94  77  86 117 157 192 211 215 206 179                     90101907171
 137  94  55  26  20  43  91 145 180 198 209 206                     90101907172
 184 151 115  86  80  99 135 176 208 222 220 202                     90101907181
 167 123  80  41  22  31  65 119 171 197 207 209                     90101907182
 196 168 134 102  84  90 117 155 196 220 225 217                     90101907191
 191 151 109  70  41  33  54  99 150 187 205 211                     90101907192
 207 189 157 124  98  92 110 144 185 214 223 222                     90101907201
 210 182 144 105  74  56  61  92 138 182 205 212                     90101907202
 213 202 178 147 116  95  94 115 150 189 213 216                     90101907211
 210 191 157 120  84  56  49  67 105 151 184 197                     90101907212
 203 201 184 154 122  96  85  95 121 155 188 205                     90101907221
 206 196 173 140 107  79  62  66  90 129 170 194                     90101907222
 202 201 192 171 142 114  96  92 104 129 159 188                     90101907231
 203 200 185 159 129 104  84  76  87 113 149 181                     90101907232
 196 198 194 182 161 134 109  95  97 111 134 160                     90101907241
 184 194 189 174 153 129 108  94  92 105 130 160                     90101907242
 184 193 191 185 172 153 128 107  96  96 107 128                     90101907251
 153 177 186 179 166 152 134 118 109 108 119 140                     90101907252
 165 183 187 184 179 168 150 130 110  95  93 100                     90101907261
 118 143 168 180 176 169 159 146 133 121 119 129                     90101907262
 146 164 180 187 186 181 170 151 129 107  90  83                     90101907271
  89 108 134 160 176 178 174 168 156 140 125 118                     90101907272
 124 138 156 174 186 191 187 173 151 126  99  76                     90101907281
  67  74  94 125 159 180 184 183 178 162 141 121                     90101907282
 111 115 130 150 173 191 198 193 176 149 117  84                     90101907291
  58  47  55  81 121 162 185 194 196 188 168 141                     90101907292
 114 100 105 124 153 184 208 216 207 184 151 111                     90101907301
  70  37  27  41  79 130 174 197 209 211 197 168                     90101907302
 134 104  92 100 126 163 199 221 226 216 188 146                     90101907311
 101  54  20  14  35  85 144 186 208 221 220 197                     90101907312
 160 120  89  77  92 127 172 211 231 235 221 184                     90101908011
 134  83  35   2   0  33  96 158 196 218 230 222                     90101908012
 190 147 105  76  72  95 139 188 222 237 238 220                     90101908021
 179 126  74  27   1   8  52 118 175 207 226 233                     90101908022
 217 179 132  90  66  70 101 150 197 227 240 241                     90101908031
 218 172 120  69  24   5  23  75 141 190 215 229                     90101908032
 228 205 163 115  76  59  71 109 158 199 222 231                     90101908041
 229 203 157 109  62  26  18  44  99 159 198 217                     90101908042
 226 217 188 145 102  71  61  78 114 161 200 219                     90101908051
 224 217 188 145 102  63  39  43  75 126 175 204                     90101908052
 218 222 211 178 135  99  78  81 108 149 188 209                     90101908061
 220 224 213 187 151 114  84  69  74 102 146 183                     90101908062
 204 212 210 194 165 130 102  87  88 104 131 162                     90101908071
 187 196 195 186 166 140 114  98  95 108 136 169                     90101908072
 193 202 204 199 183 157 128 104  89  87  97 117                     90101908081
 144 169 183 181 174 165 150 132 118 116 128 147                     90101908082
 169 186 192 192 187 173 152 129 108  93  86  92                     90101908091
 107 129 156 173 174 172 169 160 147 133 127 132                     90101908092
 146 164 181 191 192 184 172 156 134 112  94  84                     90101908101
  85  97 119 149 170 176 176 175 169 157 143 132                     90101908102
 130 138 152 167 182 191 190 180 162 138 115  95                     90101908111
  82  80  92 114 145 170 182 189 191 183 166 146                     90101908112
 127 121 130 149 170 191 207 209 196 171 143 113                     90101908121
  87  71  72  88 119 157 186 197 201 199 185 162                     90101908122
 135 114 110 124 150 179 205 221 217 198 169 136                     90101908131
 103  73  59  65  90 131 176 202 211 214 206 184                     90101908132
 155 125 108 111 132 163 198 224 231 222 201 167                     90101908141
 130  98  69  55  69 107 158 197 216 227 227 208                     90101908142
 180 150 124 116 129 160 202 231 243 247 236 206                     90101908151
 164 124  91  67  63  86 130 183 221 236 237 226                     90101908152
 199 164 129 106 104 123 160 202 234 247 240 217                     90101908161
 180 139  97  64  50  63 102 157 204 225 230 226                     90101908162
 205 169 130  99  87  98 131 175 214 236 236 222                     90101908171
 192 151 110  70  45  48  78 128 178 210 221 220                     90101908172
 207 176 137 102  78  76  99 141 186 217 227 222                     90101908181
 202 165 122  82  50  40  59 101 153 194 212 216                     90101908182
 209 187 149 110  79  64  75 110 156 196 218 221                     90101908191
 210 183 143 103  67  45  50  80 129 178 205 213                     90101908192
 212 196 165 128  94  71  67  87 126 169 199 209                     90101908201
 206 191 161 124  89  63  55  74 112 157 190 204                     90101908202
 207 199 176 143 108  80  67  75 102 140 178 202                     90101908211
 207 198 178 146 113  86  70  74 100 138 176 202                     90101908212
 208 202 187 162 131 102  79  73  87 115 151 185                     90101908221
 202 201 188 167 141 116  98  92 103 130 162 191                     90101908222
 207 205 195 176 152 126 100  82  79  93 118 146                     90101908231
 175 191 187 175 158 138 119 106 106 119 141 166                     90101908232
 187 194 191 180 164 143 122 101  86  82  92 112                     90101908241
 136 161 176 173 165 156 145 131 119 119 128 141                     90101908242
 157 172 180 181 174 160 144 126 104  86  78  83                     90101908251
  97 117 141 161 167 165 162 157 147 132 123 124                     90101908252
 133 146 158 170 178 177 167 150 128 104  83  71                     90101908261
  70  80 102 133 158 169 172 175 171 156 136 120                     90101908262
 116 123 136 153 172 187 194 187 166 138 107  77                     90101908271
  55  50  64  95 136 171 190 197 198 189 167 141                     90101908272
 119 109 114 132 158 189 212 220 208 180 144 104                     90101908281
  65  38  34  53  93 143 181 202 211 210 191 158                     90101908282
 124  98  90 100 128 166 206 232 235 218 181 136                     90101908291
  92  50  20  17  44  99 157 195 216 226 218 191                     90101908292
 149 106  76  67  87 129 180 219 236 235 219 181                     90101908301
 131  77  26  -3   3  46 113 174 209 224 230 214                     90101908302
 174 123  78  49  45  74 128 185 221 237 240 218                     90101908311
 171 114  58   9 -12   6  61 132 187 214 229 228                     90101908312
 198 147  94  51  26  36  79 140 191 219 233 232                     90101909011
 204 154  98  43   1  -8  24  88 156 198 218 228                     90101909012
 218 178 123  73  35  20  39  89 152 197 219 229                     90101909021
 222 190 141  91  45  15  21  62 125 182 213 225                     90101909022
 226 204 159 109  65  35  31  59 109 163 201 219                     90101909031
 222 209 176 133  93  58  41  57 102 158 200 218                     90101909032
 222 212 183 141  98  62  41  49  80 124 170 200                     90101909041
 207 204 191 162 126  95  74  74  97 136 177 207                     90101909042
 214 208 192 163 129  96  71  59  68  95 132 168                     90101909051
 190 193 187 174 154 131 112 103 110 131 156 182                     90101909052
 199 201 194 178 155 130 106  87  81  90 111 138                     90101909061
 165 179 176 171 168 162 149 137 133 141 156 173                     90101909062
 189 197 196 191 182 167 147 128 115 109 111 119                     90101909071
 134 154 172 176 175 174 172 167 157 150 149 154                     90101909072
 163 172 178 183 183 177 166 151 135 118 105 100                     90101909081
 103 115 132 155 172 178 179 180 176 164 150 139                     90101909082
 137 143 153 165 175 182 182 174 158 137 116  99                     90101909091
  88  89 100 122 152 175 184 187 187 179 164 143                     90101909092
 126 121 126 140 160 179 193 195 182 160 134 106                     90101909101
  83  70  72  90 120 156 183 192 194 189 174 148                     90101909102
 121 102  99 111 136 165 192 208 204 184 154 122                     90101909111
  90  63  51  61  90 132 174 197 202 199 186 159                     90101909112
 124  93  78  83 107 142 180 207 212 199 174 139                     90101909121
 101  66  40  36  58 100 151 186 200 204 197 172                     90101909122
 135  97  71  65  82 119 162 199 215 214 198 165                     90101909131
 122  84  51  33  44  82 135 182 206 215 212 192                     90101909132
 156 115  81  63  68 100 149 194 219 226 219 193                     90101909141
 152 108  70  44  41  69 119 174 210 224 227 214                     90101909142
 180 136  94  66  59  81 126 179 217 232 233 217                     90101909151
 181 135  92  58  42  55  97 153 199 221 227 220                     90101909152
 193 151 106  70  51  60  97 149 196 220 228 222                     90101909161
 196 151 105  69  44  44  75 127 178 208 219 218                     90101909162
 200 162 117  78  50  45  68 115 165 197 211 214                     90101909171
 203 170 125  85  56  46  64 107 157 192 207 213                     90101909172
 204 175 133  90  57  41  50  84 135 180 203 211                     90101909181
 208 187 150 111  78  62  67  98 144 185 208 215                     90101909182
 209 189 152 112  77  52  47  67 107 154 185 197                     90101909191
 200 190 166 134 102  80  75  93 129 169 196 206                     90101909192
 205 194 170 137 103  76  61  65  90 130 168 189                     90101909201
 195 192 180 158 132 107  92  98 120 150 178 195                     90101909202
 197 191 176 151 123  97  75  66  75 100 133 162                     90101909211
 175 175 172 164 151 133 116 110 120 139 160 177                     90101909212
 184 183 178 168 152 132 111  96  89  94 113 143                     90101909221
 167 179 184 183 177 173 167 160 160 165 173 183                     90101909222
 193 202 206 199 180 159 138 113  92  82  85  96                     90101909231
 114 139 162 170 169 168 166 159 148 138 134 138                     90101909232
 147 156 164 172 178 175 163 145 123  99  81  75                     90101909241
  79  93 119 148 167 174 178 178 170 153 132 117                     90101909242
 113 120 135 152 171 187 189 176 152 123  94  67                     90101909251
  50  52  71 105 144 170 183 190 188 172 146 115                     90101909252
  92  85  96 119 151 182 199 200 188 161 123  86                     90101909261
  51  27  26  54 103 150 179 198 208 199 171 134                     90101909262
  95  68  61  79 116 163 198 215 221 208 169 122                     90101909271
  77  37  13  19  60 121 171 200 219 224 206 166                     90101909272
 117  73  45  45  76 129 181 213 231 238 221 176                     90101909281
 121  70  26   6  26  82 149 194 220 237 234 203                     90101909282
 151  97  54  31  41  85 148 198 227 246 250 224                     90101909291
 172 116  66  28  20  53 118 182 221 243 251 237                     90101909292
 194 138  86  44  28  50 105 170 214 240 256 253                     90101909301
 220 165 112  66  35  41  87 153 206 234 248 247                     90101909302
 220 168 114  67  32  27  58 117 179 215 234 244                     90101910011
 234 198 148 101  62  44  63 115 179 222 239 242                     90101910012
 230 192 140  92  52  30  37  77 136 186 214 228                     90101910021
 232 218 183 141 105  82  84 113 159 205 232 244                     90101910022
 245 225 187 144 107  76  61  74 112 163 208 230                     90101910031
 234 228 211 182 148 120 107 114 141 177 212 232                     90101910032
 233 218 191 155 120  87  64  62  81 115 156 189                     90101910041
 200 198 192 180 159 136 118 115 128 152 177 198                     90101910042
 209 206 192 169 142 117  94  81  84  99 122 152                     90101910051
 174 180 177 174 169 159 147 137 135 145 158 170                     90101910052
 180 186 185 173 154 134 115  99  88  87  95 110                     90101910061
 132 152 159 158 160 161 158 149 138 133 134 141                     90101910062
 150 159 165 168 166 157 143 130 117 107 103 106                     90101910071
 112 126 146 161 167 171 178 180 174 162 148 139                     90101910072
 139 144 153 164 172 178 177 167 151 131 112 100                     90101910081
  95  99 113 136 162 177 183 185 181 168 148 127                     90101910082
 115 115 124 140 160 179 190 186 170 147 123 103                     90101910091
  86  80  90 115 148 174 187 194 196 184 163 135                     90101910092
 110  99 105 124 151 180 199 203 194 176 147 117                     90101910101
  93  76  74  93 129 168 193 204 208 202 180 147                     90101910102
 114  90  84  98 128 167 199 215 215 203 177 141                     90101910111
 108  82  68  75 106 150 189 209 216 214 196 160                     90101910112
 121  88  68  70  96 139 181 207 215 209 187 151                     90101910121
 111  76  52  48  70 113 160 191 205 206 193 161                     90101910122
 119  78  50  42  60 103 153 186 203 210 202 173                     90101910131
 129  88  57  43  57  96 146 184 203 213 209 182                     90101910132
 138  94  57  35  41  78 130 175 200 215 216 196                     90101910141
 156 112  74  51  50  79 129 175 201 215 217 198                     90101910142
 159 113  71  38  30  54 102 154 189 207 214 204                     90101910151
 172 127  83  49  37  55 100 152 185 202 209 199                     90101910152
 167 122  78  43  23  33  74 129 174 198 213 216                     90101910161
 197 161 119  82  60  64  97 146 189 211 218 213                     90101910162
 191 151 107  67  37  31  56 105 156 188 205 215                     90101910171
 208 181 144 107  78  70  90 131 177 206 216 215                     90101910172
 203 172 129  90  58  40  46  79 130 172 197 212                     90101910181
 216 202 173 141 112  94 100 127 164 196 212 216                     90101910182
 212 192 157 120  87  62  54  69 104 148 182 197                     90101910191
 202 200 185 160 132 109 103 114 139 168 194 207                     90101910192
 204 191 169 140 112  85  64  59  74 106 145 174                     90101910201
 183 184 182 172 154 134 118 115 128 149 171 188                     90101910202
 196 192 180 160 138 115  92  77  74  84 109 141                     90101910211
 165 174 176 177 174 164 151 138 133 138 150 162                     90101910212
 172 179 183 179 163 145 126 105  90  86  91 105                     90101910221
 128 153 168 173 176 178 175 166 152 139 134 136                     90101910222
 144 154 165 177 184 179 164 144 123 103  87  82                     90101910231
  91 113 140 164 179 188 193 188 173 152 129 116                     90101910232
 115 123 139 161 182 197 195 179 155 128 102  79                     90101910241
  68  75 100 136 167 187 202 210 201 180 149 115                     90101910242
  93  91 105 133 168 200 215 214 201 173 135 100                     90101910251
  71  56  65  97 142 180 203 217 219 200 164 122                     90101910252
  86  64  63  86 130 177 206 221 226 214 176 129                     90101910261
  89  55  40  57 104 159 199 222 235 229 198 151                     90101910262
 102  64  44  49  84 140 188 217 234 238 217 171                     90101910271
 118  74  40  33  63 121 178 213 231 237 221 176                     90101910272
 120  73  37  21  39  90 152 196 222 239 237 208                     90101910281
 158 107  66  41  50  93 155 204 230 244 241 207                     90101910282
 151  97  54  21  15  47 108 168 205 228 243 236                     90101910291
 201 150 101  65  52  73 123 182 222 240 246 229                     90101910292
 185 131  82  37  11  19  61 124 177 207 224 231                     90101910301
 216 177 129  88  62  60  91 144 194 221 231 228                     90101910302
 201 154 103  57  22  10  30  78 137 179 200 212                     90101910311
 212 194 160 120  88  73  85 121 169 207 222 222                     90101910312
 209 179 135  92  53  27  26  54 102 153 184 195                     90101911011
 201 197 178 148 116  93  90 109 142 178 205 211                     90101911012
 204 187 156 119  85  56  41  48  77 121 159 178                     90101911021
 186 188 182 166 142 119 106 111 132 158 183 200                     90101911022
 203 193 172 145 119  94  71  65  76 101 134 165                     90101911031
 181 181 178 174 164 149 133 124 127 140 156 169                     90101911032
 176 180 173 155 134 113  92  77  72  81  98 121                     90101911041
 146 158 158 158 157 154 146 134 124 122 128 138                     90101911042
 145 153 158 157 149 137 122 107  95  90  94 103                     90101911051
 118 136 151 159 162 165 166 159 146 131 120 119                     90101911052
 124 133 145 156 163 164 155 140 124 110 100  96                     90101911061
 103 117 137 158 170 176 179 177 167 149 128 113                     90101911062
 109 115 130 147 166 180 182 172 154 134 118 103                     90101911071
  95 100 116 141 166 180 186 188 182 165 138 110                     90101911072
  92  89 101 122 150 176 188 185 172 152 127 103                     90101911081
  85  79  89 115 151 179 193 197 191 174 145 113                     90101911082
  85  70  73  94 128 166 192 199 192 174 147 115                     90101911091
  89  70  68  88 125 165 192 202 203 190 161 123                     90101911092
  88  61  50  65 101 147 184 202 205 196 172 137                     90101911101
 102  76  64  75 109 154 190 209 218 213 187 145                     90101911102
 108  78  54  53  83 134 183 214 225 223 206 172                     90101911111
 130  94  67  61  85 130 179 213 225 220 200 161                     90101911112
 114  72  38  25  45  93 149 185 204 214 210 183                     90101911121
 143 102  70  56  68 106 156 194 211 217 208 176                     90101911122
 127  81  41  15  19  56 113 162 192 210 217 203                     90101911131
 169 127  89  64  63  91 137 184 213 223 219 197                     90101911132
 155 107  63  25   8  24  69 130 177 199 205 201                     90101911141
 180 142 100  68  52  62  99 148 189 209 212 199                     90101911142
 165 118  74  35   8   9  43  98 150 180 197 207                     90101911151
 201 173 134  96  70  70  96 138 181 208 216 211                     90101911152
 190 153 111  69  33  16  28  68 122 167 189 200                     90101911161
 204 190 159 123  93  79  90 120 156 189 206 207                     90101911162
 196 169 131  91  54  26  19  38  81 132 167 183                     90101911171
 192 192 176 148 118  95  90 105 133 164 189 199                     90101911172
 195 184 159 125  94  66  49  47  64 102 145 173                     90101911181
 188 194 189 174 150 124 104  99 111 132 152 171                     90101911182
 184 184 168 140 112  84  56  37  37  53  84 122                     90101911191
 151 160 162 161 153 138 117  98  92  99 115 132                     90101911192
 147 159 162 152 134 113  89  66  48  44  57  81                     90101911201
 112 137 148 153 158 156 145 126 106  91  89  96                     90101911202
 109 126 143 157 160 149 128 104  81  60  49  54                     90101911211
  74 104 133 150 159 165 165 152 129 101  79  69                     90101911212
  73  89 114 141 164 172 164 146 123  97  73  54                     90101911221
  51  68 102 140 164 174 180 177 159 128  95  68                     90101911222
  53  56  79 114 150 175 185 184 170 139 103  71                     90101911231
  51  48  70 111 152 181 198 203 191 161 120  81                     90101911232
  50  34  41  73 120 163 190 201 201 184 148 108                     90101911241
  76  56  58  87 136 184 207 215 218 200 158 110                     90101911242
  66  32  21  37  82 139 180 202 213 212 189 148                     90101911251
 104  67  44  49  87 141 185 207 218 211 175 122                     90101911252
  71  29  -3 -10  19  75 132 167 189 203 199 173                     90101911261
 130  85  50  38  59 106 157 190 209 217 201 157                     90101911262
 106  61  19 -11  -6  36  98 151 183 203 212 201                     90101911271
 169 128  87  57  54  81 129 178 209 220 215 188                     90101911272
 142  93  46   4 -13   5  53 116 163 186 200 203                     90101911281
 184 148 105  67  47  58  95 143 182 201 206 194                     90101911282
 158 111  65  25  -1  -3  26  79 133 168 186 197                     90101911291
 197 176 141 104  77  71  89 124 165 195 205 201                     90101911292
 179 141 100  61  27   8  16  51 101 144 166 180                     90101911301
 188 181 158 128  99  82  88 115 150 179 194 197                     90101911302
 188 165 130  94  60  34  27  44  81 126 159 174                     90101912011
 183 186 177 157 135 116 107 118 141 165 184 193                     90101912012
 193 184 164 136 105  72  50  50  68  99 136 163                     90101912021
 173 174 169 157 141 121 104 101 110 126 144 162                     90101912022
 174 175 160 135 108  80  59  49  55  75 104 134                     90101912031
 154 157 154 152 147 135 117 102 100 108 121 135                     90101912032
 147 155 155 146 131 113  93  75  66  70  84 104                     90101912041
 125 143 148 147 147 144 133 118 103  96  99 105                     90101912042
 114 126 135 141 139 127 113  98  83  73  72  80                     90101912051
  95 114 133 143 146 145 139 129 113  94  82  78                     90101912052
  83  96 112 127 139 139 129 114  96  81  70  66                     90101912061
  76  95 116 135 145 149 150 143 129 106  81  67                     90101912062
  64  72  92 115 138 153 153 143 128 109  91  76                     90101912071
  71  79  98 124 148 161 165 162 149 126  98  71                     90101912072
  53  49  64  92 126 155 167 163 153 136 112  88                     90101912081
  70  66  81 109 142 166 175 176 169 147 115  82                     90101912082
  53  35  40  67 106 144 167 174 171 159 136 107                     90101912091
  80  64  67  89 125 159 179 185 182 166 132  93                     90101912092
  57  27  15  32  72 121 158 175 182 180 163 132                     90101912101
  99  73  62  72 103 144 178 194 198 189 160 117                     90101912102
  75  37  10  10  41  93 144 174 188 195 187 160                     90101912111
 123  89  68  66  87 126 169 199 210 207 186 145                     90101912112
  98  53  13  -7   4  45 102 151 179 190 191 175                     90101912121
 140 102  69  48  52  82 128 172 195 199 187 156                     90101912122
 111  66  22 -11 -17   9  64 123 161 183 196 192                     90101912131
 168 131  93  64  56  74 112 159 192 206 206 188                     90101912132
 149 101  54  12 -13  -6  33  94 148 178 194 202                     90101912141
 193 164 126  87  63  63  89 132 173 195 202 195                     90101912142
 170 127  81  37  -1 -17  -1  44 102 145 170 187                     90101912151
 191 176 143 107  75  59  69 100 140 174 190 194                     90101912152
 185 157 115  73  34   4  -3  19  69 123 157 176                     90101912161
 190 191 173 144 113  86  78  95 129 164 189 199                     90101912162
 202 191 161 121  84  51  28  27  54 101 145 171                     90101912171
 188 199 194 175 149 121 100  96 111 138 167 190                     90101912172
 203 203 189 160 127  95  64  44  45  68 108 149                     90101912181
 173 182 187 183 167 142 116  95  90  99 117 140                     90101912182
 164 181 183 173 152 124  97  73  57  58  77 109                     90101912191
 144 165 172 176 175 161 138 112  91  83  86  96                     90101912192
 116 140 158 168 162 147 125 100  80  65  60  71                     90101912201
  99 131 153 163 168 168 158 137 111  85  68  63                     90101912202
  73  95 122 150 165 168 162 145 121  95  75  69                     90101912211
  79 104 134 156 169 174 173 160 134 104  76  55                     90101912212
  50  62  88 125 157 173 175 173 163 138 105  79                     90101912221
  71  82 110 144 170 183 188 184 166 135 100  70                     90101912222
  46  36  48  80 124 161 180 189 188 173 146 115                     90101912231
  91  81  89 114 150 182 199 204 198 172 131  91                     90101912232
  57  30  21  38  81 132 168 185 194 194 175 141                     90101912241
 107  79  68  81 115 158 189 203 206 192 157 112                     90101912242
  68  30   6   7  39  91 140 168 187 200 197 173                     90101912251
 138 102  74  69  92 133 175 203 217 216 194 151                     90101912252
 104  62  26   8  19  60 116 161 188 204 212 201                     90101912261
 173 138 104  82  85 113 155 194 218 225 214 183                     90101912262
 135  85  38   2 -13   3  50 113 162 185 193 193                     90101912271
 177 143 106  74  61  75 110 158 195 209 208 190                     90101912272
 153 108  63  23  -2  -1  31  86 138 168 184 192                     90101912281
 187 161 124  89  64  62  86 127 168 192 199 194                     90101912282
 170 130  86  44  11  -2  14  57 110 150 172 186                     90101912291
 190 175 145 109  80  67  78 108 149 183 198 199                     90101912292
 188 158 118  81  49  26  23  47  94 141 169 182                     90101912301
 190 185 163 133 106  86  81  97 128 161 186 195                     90101912302
 191 172 140 105  72  41  23  28  55  98 142 169                     90101912311
 174 169 155 133 108  83  68  73  93 121 150 170                     90101912312
