 100  51  14   3  23  69 125 173 206 223 222 201                     90101401011
 162 116  76  57  67 103 153 200 230 236 219 182                     90101401012
 130  72  20 -14 -17  14  70 130 179 210 223 215                     90101401021
 187 142  92  54  42  62 107 160 204 228 229 207                     90101401022
 166 111  53   4 -24 -18  21  81 140 185 212 220                     90101401031
 208 176 129  82  50  47  75 124 176 214 234 231                     90101401032
 206 162 107  51   7 -10   5  51 110 163 201 220                     90101401041
 220 201 163 114  70  45  50  83 131 178 211 224                     90101401042
 216 188 143  90  41   7   0  25  73 126 170 198                     90101401051
 210 204 180 140  95  59  45  58  93 137 176 200                     90101401052
 208 197 167 125  78  37  15  19  50  96 143 176                     90101401061
 194 197 185 158 121  83  55  47  62  94 132 165                     90101401062
 184 186 172 147 113  77  49  37  48  79 119 154                     90101401071
 177 186 183 168 142 110  80  61  57  70  97 131                     90101401072
 159 174 174 160 139 113  89  72  69  83 111 143                     90101401081
 169 183 187 182 168 146 120  95  78  71  76  94                     90101401082
 121 148 165 169 159 141 121 103  88  81  85 103                     90101401091
 130 155 170 172 163 147 129 109  90  73  63  64                     90101401092
  77 101 126 144 150 145 135 122 110 101  98 103                     90101401101
 116 133 147 155 158 156 149 136 116  93  72  59                     90101401102
  59  71  95 120 140 150 152 148 140 127 113 102                     90101401111
 100 109 124 142 155 163 163 156 141 118  92  66                     90101401112
  49  48  63  91 122 146 160 164 162 154 139 119                     90101401121
 102  96 104 123 147 168 180 181 170 148 119  87                     90101401122
  59  42  42  62  95 130 156 170 174 169 154 132                     90101401131
 106  87  82  96 122 152 177 190 188 172 144 107                     90101401132
  69  39  24  32  63 105 145 172 184 185 174 152                     90101401141
 122  92  75  77  99 132 164 186 194 187 164 130                     90101401142
  89  48  19  12  32  73 120 158 180 189 185 167                     90101401151
 137 101  72  61  74 106 145 178 197 198 182 151                     90101401152
 111  67  28   7  12  44  92 139 174 192 195 183                     90101401161
 155 117  81  58  60  85 125 165 193 205 199 176                     90101401162
 139  94  49  15   5  25  68 120 163 190 200 194                     90101401171
 172 136  96  63  52  66 101 144 181 203 206 191                     90101401172
 160 118  72  31   8  12  45  95 146 182 200 200                     90101401181
 184 152 111  72  47  46  72 116 162 195 207 198                     90101401182
 173 135  89  43   8  -4  16  61 114 160 187 195                     90101401191
 187 162 125  85  54  43  58  95 139 175 195 199                     90101401192
 187 160 121  77  36  14  19  52 101 149 185 204                     90101401201
 207 192 160 119  81  58  57  79 117 158 190 205                     90101401202
 200 179 144 103  62  31  19  34  73 123 166 193                     90101401211
 200 190 165 129  89  57  43  52  83 123 159 181                     90101401212
 185 174 150 118  82  49  29  31  58 100 143 174                     90101401221
 189 187 171 143 107  74  52  48  63  93 128 156                     90101401222
 172 172 159 136 106  76  53  44  56  85 122 154                     90101401231
 174 180 173 155 128  97  70  54  54  70  97 127                     90101401232
 150 161 159 148 131 109  87  71  69  85 112 142                     90101401241
 164 175 177 171 155 132 105  81  66  64  76  98                     90101401242
 124 146 158 160 153 141 126 110  99  98 110 129                     90101401251
 151 167 176 178 174 162 144 121  99  82  74  78                     90101401252
  92 114 136 151 157 157 152 141 125 109  98  97                     90101401261
 108 126 144 159 166 163 150 129 103  76  53  38                     90101401262
  37  51  77 108 135 151 157 156 148 132 111  94                     90101401271
  88  98 118 143 162 174 176 168 149 121  87  55                     90101401272
  31  25  40  72 112 147 171 183 185 173 150 121                     90101401281
  95  84  91 116 150 180 200 204 192 166 128  84                     90101401282
  42  12   5  25  67 115 155 183 196 195 179 148                     90101401291
 109  77  64  76 108 150 187 211 218 205 174 128                     90101401292
  77  31   2   1  30  80 135 180 211 225 219 193                     90101401301
 151 106  72  62  79 120 169 212 238 242 222 183                     90101401302
 129  70  19 -12  -9  28  86 145 191 218 226 213                     90101401311
 177 127  75  39  33  61 111 166 210 235 236 212                     90101401312
 166 107  47   0 -21  -6  42 105 163 204 226 226                     90101402011
 204 161 107  58  31  38  78 135 190 229 247 241                     90101402012
 212 163 105  49  10   2  29  82 142 192 224 237                     90101402021
 228 198 150  97  55  38  54  98 154 205 239 250                     90101402022
 238 204 154  99  51  24  28  64 119 174 214 235                     90101402031
 236 218 180 129  79  43  36  59 106 157 197 219                     90101402032
 222 205 170 123  75  38  22  36  76 129 175 204                     90101402041
 211 199 171 131  87  48  26  27  54  99 145 179                     90101402042
 194 189 169 138 101  66  44  45  70 111 152 181                     90101402051
 195 194 180 153 118  81  51  38  46  74 112 147                     90101402052
 169 175 166 148 124  98  76  65  72  96 128 157                     90101402061
 174 179 173 157 134 106  79  59  51  60  83 113                     90101402062
 141 157 160 152 138 122 106  95  94 107 129 151                     90101402071
 167 174 174 168 155 136 114  94  79  74  78  93                     90101402072
 115 137 150 153 148 139 129 122 117 117 123 133                     90101402081
 144 153 159 161 158 150 139 124 108  92  80  76                     90101402082
  84 103 126 146 158 163 160 154 144 135 128 127                     90101402091
 132 142 154 165 171 172 166 155 139 119  99  81                     90101402092
  73  77  95 121 144 160 165 164 158 149 135 119                     90101402101
 108 107 115 128 143 155 160 158 146 125  99  73                     90101402102
  51  41  47  71 104 135 156 165 164 156 141 121                     90101402111
 101  90  93 108 132 157 176 184 179 160 132  99                     90101402112
  67  44  37  50  80 118 151 171 178 175 162 140                     90101402121
 112  87  75  81 103 135 164 183 188 178 154 119                     90101402122
  80  44  22  22  48  90 135 167 183 183 172 150                     90101402131
 120  89  66  62  79 112 148 176 191 190 173 141                     90101402132
  99  57  25  11  23  58 106 150 179 192 188 169                     90101402141
 137  98  66  51  60  90 130 168 194 203 194 168                     90101402142
 128  82  40  13  12  39  86 137 176 197 200 186                     90101402151
 156 115  74  45  40  60 101 147 186 208 210 192                     90101402152
 154 105  56  18   5  22  66 120 169 199 209 200                     90101402161
 174 135  91  53  34  44  81 131 177 207 216 206                     90101402162
 178 136  88  43  16  17  49 100 153 191 210 210                     90101402171
 192 157 111  67  38  33  57 102 152 190 210 210                     90101402172
 191 154 105  57  21   9  26  67 117 161 190 200                     90101402181
 191 162 119  72  35  19  31  67 114 158 188 199                     90101402182
 193 168 129  84  46  25  30  60 107 154 189 207                     90101402191
 204 183 147 103  62  35  30  52  94 140 176 195                     90101402192
 196 181 153 116  78  49  39  53  89 133 172 196                     90101402201
 201 189 162 125  84  50  32  36  62 103 144 172                     90101402202
 185 181 164 137 105  75  56  55  76 113 153 182                     90101402211
 195 191 175 147 113  78  49  37  45  73 110 144                     90101402212
 166 173 167 151 128 103  81  71  76  97 127 155                     90101402221
 175 181 175 159 135 106  77  56  47  53  74 103                     90101402222
 131 150 156 153 143 129 111  95  87  91 108 130                     90101402231
 151 165 170 166 155 136 113  90  70  58  57  69                     90101402232
  91 116 136 148 151 150 144 133 119 106 101 108                     90101402241
 123 142 158 168 170 163 149 129 105  81  62  53                     90101402242
  57  74 100 127 148 160 164 161 150 132 112  96                     90101402251
  92 101 119 143 164 177 178 165 142 113  82  53                     90101402252
  35  33  51  84 121 152 172 180 178 162 136 105                     90101402261
  80  70  80 107 141 172 192 198 187 161 125  85                     90101402262
  49  25  23  46  88 133 171 195 204 197 173 135                     90101402271
  95  64  55  69 104 148 188 212 216 199 164 119                     90101402272
  70  28   4   8  42  94 147 188 211 216 201 169                     90101402281
 123  76  42  33  56 103 157 201 224 226 204 163                     90101402282
 109  54   9 -11   3  48 108 164 203 223 221 198                     90101403011
 154 100  51  22  25  61 117 175 217 239 236 209                     90101403012
 161 102  45   5  -4  22  76 138 190 223 234 222                     90101403021
 187 135  77  30   8  21  65 126 181 219 232 221                     90101403022
 187 135  77  24  -7  -5  32  93 154 199 222 221                     90101403031
 197 154  99  45   7  -1  26  80 140 189 217 223                     90101403032
 206 167 115  62  22   9  28  75 132 180 211 221                     90101403041
 212 183 138  85  39  14  22  60 114 166 201 219                     90101403042
 217 196 159 113  70  44  44  71 118 166 202 219                     90101403051
 217 196 160 115  68  32  16  30  70 122 166 192                     90101403052
 198 187 164 131  94  65  54  66 100 143 178 198                     90101403061
 202 191 168 135  96  58  34  32  54  94 137 169                     90101403062
 184 183 169 146 118  92  75  75  93 123 155 177                     90101403071
 186 181 166 142 113  82  57  44  48  70 103 134                     90101403072
 155 162 160 151 136 118 100  91  96 116 142 164                     90101403081
 176 177 170 157 139 118  95  76  67  71  89 114                     90101403082
 138 154 159 156 148 138 127 117 112 117 130 146                     90101403091
 159 167 167 161 152 139 124 109  95  86  86  94                     90101403092
 109 125 138 144 143 140 135 131 125 119 117 119                     90101403101
 124 131 138 144 146 144 139 128 114  98  85  78                     90101403102
  80  91 108 127 141 149 152 151 145 135 121 110                     90101403111
 105 110 121 135 149 160 163 157 144 124 103  83                     90101403112
  71  70  84 108 134 154 166 170 167 157 140 121                     90101403121
 105 100 107 124 147 168 182 186 178 161 137 110                     90101403122
  85  72  77 100 135 170 195 207 208 199 180 151                     90101403131
 119  93  83  92 116 148 175 188 186 169 141 107                     90101403132
  74  47  37  50  84 127 166 189 197 191 173 144                     90101403141
 109  78  61  66  91 129 166 191 201 193 170 135                     90101403142
  93  55  30  30  56 100 147 183 202 204 191 162                     90101403151
 123  82  52  44  63 103 151 190 212 215 201 170                     90101403152
 127  81  42  25  37  76 128 175 206 217 208 182                     90101403161
 142  96  55  33  38  71 121 170 205 219 213 189                     90101403162
 148  99  53  23  21  50  99 151 191 213 215 197                     90101403171
 160 112  65  33  26  49  94 146 190 218 227 214                     90101403172
 182 134  85  46  30  45  86 141 190 223 235 224                     90101403181
 194 148  98  55  32  37  72 124 176 213 230 226                     90101403182
 202 162 113  67  38  35  61 108 160 201 224 225                     90101403191
 203 162 111  63  29  21  43  89 141 184 212 223                     90101403192
 214 187 144  98  61  47  62 101 149 191 219 229                     90101403201
 218 188 143  94  51  26  29  60 109 160 197 214                     90101403202
 211 193 161 122  83  56  49  68 109 156 194 214                     90101403211
 212 190 154 109  65  32  19  32  69 116 158 184                     90101403212
 193 188 169 140 105  76  62  69  97 135 171 193                     90101403221
 200 190 168 135  96  60  36  31  48  83 124 156                     90101403222
 174 179 172 157 134 108  87  78  87 111 141 166                     90101403231
 180 182 171 150 122  91  63  44  41  56  85 117                     90101403232
 143 158 162 160 152 137 118 102  95 102 120 142                     90101403241
 162 174 176 169 154 133 109  86  69  63  69  87                     90101403242
 112 137 154 163 166 164 157 143 127 115 112 119                     90101403251
 133 151 168 179 180 171 153 131 108  88  75  72                     90101403252
  83 104 130 154 171 182 186 183 170 148 126 111                     90101403261
 110 123 144 168 188 197 194 179 155 127  98  73                     90101403262
  60  64  86 119 151 175 189 193 185 165 134 101                     90101403271
  78  72  85 115 151 182 199 201 187 159 123  85                     90101403272
  53  37  44  73 114 153 183 201 204 190 160 118                     90101403281
  78  52  51  74 115 160 195 215 216 200 167 123                     90101403282
  78  43  28  41  80 131 177 210 226 222 198 156                     90101403291
 108  65  41  46  79 129 180 220 241 241 220 180                     90101403292
 130  83  50  44  68 115 168 212 238 244 229 193                     90101403301
 141  84  38  18  32  75 134 187 223 236 226 193                     90101403302
 144  90  45  21  27  63 116 170 211 233 232 206                     90101403311
 160 102  49  13   8  37  91 150 199 228 235 221                     90101403312
 184 134  83  44  31  49  92 146 193 224 234 221                     90101404011
 186 136  80  32   7  15  54 112 167 208 229 229                     90101404012
 207 167 117  72  46  47  77 125 174 211 231 230                     90101404021
 208 167 115  63  26  14  33  79 135 183 214 225                     90101404022
 217 189 148 104  70  58  72 108 154 196 222 231                     90101404031
 220 192 149 102  59  34  35  65 114 164 202 222                     90101404032
 225 212 186 151 114  89  84 102 137 176 206 220                     90101404041
 216 195 163 122  81  48  33  44  80 127 169 195                     90101404042
 205 200 183 158 128 104  94 103 128 160 189 207                     90101404051
 210 200 179 150 117  86  64  59  75 107 144 174                     90101404052
 190 191 182 164 141 118 101  97 107 127 151 172                     90101404061
 184 183 169 146 119  93  73  61  63  80 108 137                     90101404062
 158 168 169 163 153 138 122 112 112 123 140 158                     90101404071
 170 175 173 163 149 131 112  96  86  87  98 117                     90101404072
 138 155 163 165 163 158 149 137 126 122 125 133                     90101404081
 143 153 160 163 160 151 138 122 108  98  93  97                     90101404082
 109 127 144 156 162 163 161 155 144 130 119 115                     90101404091
 119 128 142 155 165 169 165 154 138 120 104  94                     90101404092
  93 104 124 146 164 175 179 177 168 151 131 111                     90101404101
 100 100 112 132 155 173 181 176 161 140 115  92                     90101404102
  76  74  88 114 143 167 181 184 177 160 134 106                     90101404111
  84  75  83 105 136 164 184 191 184 164 136 104                     90101404112
  76  61  64  87 123 160 186 198 195 180 153 118                     90101404121
  85  62  58  76 110 150 183 202 204 191 165 130                     90101404122
  93  64  53  67 102 145 183 206 213 203 178 140                     90101404131
  98  62  45  52  82 125 167 196 210 207 188 153                     90101404132
 110  70  45  46  73 118 164 199 217 215 195 159                     90101404141
 113  67  35  26  46  89 141 184 212 220 211 182                     90101404142
 140  93  55  39  52  91 142 189 218 227 215 184                     90101404151
 138  88  45  21  26  62 115 169 209 230 231 212                     90101404152
 175 127  81  51  48  74 121 173 213 233 231 208                     90101404161
 166 115  64  26  13  32  79 136 186 219 233 227                     90101404162
 201 159 110  69  50  61  98 149 197 228 239 227                     90101404171
 195 147  94  46  17  17  49 102 158 202 228 236                     90101404172
 223 192 147 103  72  66  87 127 173 211 232 232                     90101404181
 211 172 121  70  30  12  23  62 115 164 199 216                     90101404182
 216 199 167 126  89  67  70  98 140 181 210 222                     90101404191
 214 188 146  97  52  20  13  34  77 126 166 190                     90101404192
 200 196 179 150 115  86  75  86 115 151 182 202                     90101404201
 207 198 173 137  96  59  36  36  59 100 142 175                     90101404202
 193 199 194 179 154 126 103  97 109 136 166 192                     90101404211
 206 206 194 170 140 107  79  61  61  79 111 146                     90101404212
 173 187 190 186 176 159 138 119 111 115 132 156                     90101404221
 179 195 199 190 171 145 118  93  76  73  83 106                     90101404222
 134 157 173 181 183 179 165 144 122 107 104 113                     90101404231
 130 151 170 182 183 172 152 127 103  84  73  75                     90101404232
  91 117 143 164 176 181 179 166 144 118  95  84                     90101404241
  88 105 130 157 178 186 180 162 137 110  85  68                     90101404242
  64  76 103 135 163 182 190 186 169 142 109  80                     90101404251
  64  66  88 122 158 186 200 197 179 150 116  83                     90101404252
  60  55  71 104 142 175 197 205 197 174 138  96                     90101404261
  61  43  49  80 124 168 198 211 206 186 153 114                     90101404262
  78  54  51  74 114 158 194 214 218 205 173 129                     90101404271
  83  47  34  49  87 136 180 210 224 219 196 157                     90101404272
 112  74  55  63  95 140 184 216 231 227 204 164                     90101404281
 115  69  37  32  56 103 156 201 229 238 226 196                     90101404282
 152 106  73  64  82 121 168 209 235 243 229 196                     90101404291
 148  95  51  26  32  68 123 176 216 236 238 220                     90101404292
 185 140  98  73  73 100 144 190 226 244 242 219                     90101404301
 178 127  75  35  20  38  83 139 188 220 233 228                     90101404302
 204 165 122  87  72  85 120 165 205 230 237 225                     90101405011
 195 150  99  52  23  23  54 106 160 200 222 226                     90101405012
 214 186 147 107  80  76  98 138 182 216 232 227                     90101405021
 205 168 124  78  42  25  38  77 129 175 206 219                     90101405022
 216 199 169 133 102  87  93 118 155 190 213 219                     90101405031
 206 178 142 101  62  35  30  52  94 142 179 199                     90101405032
 203 194 174 145 114  92  87 102 131 165 192 207                     90101405041
 206 192 166 132  96  66  50  55  80 119 156 183                     90101405042
 196 198 188 169 142 117 102 104 121 147 173 192                     90101405051
 199 192 174 147 116  87  64  55  66  93 129 161                     90101405052
 179 185 180 168 151 130 112 103 107 121 142 162                     90101405061
 177 182 175 157 134 110  89  75  72  85 109 137                     90101405062
 159 172 175 171 163 150 133 117 109 112 124 140                     90101405071
 157 169 174 170 160 145 128 113 101  97 104 119                     90101405072
 140 158 170 175 174 169 159 145 130 121 119 126                     90101405081
 138 153 167 177 179 174 162 146 129 114 105 107                     90101405082
 119 139 159 173 181 181 176 164 146 127 110 101                     90101405091
 102 112 131 153 171 179 174 159 141 121 103  91                     90101405092
  90 103 126 151 170 180 181 174 158 135 109  88                     90101405101
  77  81  99 126 153 173 182 179 167 146 119  95                     90101405102
  80  82 101 130 158 180 192 193 182 160 130  99                     90101405111
  76  68  78 105 140 172 195 204 201 185 157 124                     90101405112
  95  83  92 120 156 189 211 221 218 199 168 131                     90101405121
  96  72  66  82 117 159 195 217 222 211 186 150                     90101405122
 112  83  73  88 121 163 200 223 227 212 181 139                     90101405131
  94  56  35  41  74 121 169 204 224 227 214 183                     90101405132
 141 101  75  74 100 144 189 222 238 235 212 174                     90101405141
 125  77  42  32  52  94 145 191 223 242 241 220                     90101405142
 181 136  98  82  92 126 173 216 246 255 242 210                     90101405151
 163 111  63  31  27  55 106 162 207 234 243 235                     90101405152
 208 167 121  87  78  96 137 184 224 246 247 227                     90101405161
 188 137  84  39  16  24  63 119 174 213 234 238                     90101405162
 224 193 150 107  79  78 105 150 195 228 242 236                     90101405171
 211 170 119  67  28  13  30  75 132 181 214 229                     90101405172
 227 210 177 135  98  79  86 117 160 200 227 235                     90101405181
 224 196 154 106  61  31  26  50  95 145 186 211                     90101405182
 221 216 197 165 128  97  85  97 129 168 202 222                     90101405191
 225 212 184 145 103  66  44  45  70 112 154 187                     90101405192
 206 212 208 191 164 133 111 105 117 144 174 201                     90101405201
 217 221 211 187 154 119  88  71  72  93 128 166                     90101405202
 194 208 210 203 187 163 136 113 103 108 128 156                     90101405211
 184 204 211 202 180 151 122  97  82  84 102 131                     90101405212
 161 184 198 204 201 189 167 139 115 101 102 117                     90101405221
 141 167 189 200 196 180 156 129 105  89  85  97                     90101405222
 120 147 171 186 193 193 182 161 132 104  84  79                     90101405231
  91 115 145 172 188 190 180 161 137 111  92  85                     90101405232
  93 115 143 169 187 196 196 185 161 129  97  74                     90101405241
  67  79 108 144 177 197 203 195 176 150 121  99                     90101405242
  90  98 121 152 182 203 213 211 194 166 130  95                     90101405251
  69  61  75 109 150 186 210 218 213 194 164 131                     90101405252
 105  97 109 137 172 203 225 234 229 207 173 131                     90101405261
  92  66  61  81 121 166 203 225 230 221 198 165                     90101405262
 129 102  94 109 141 180 213 233 236 223 193 152                     90101405271
 106  66  44  49  81 129 177 212 231 234 221 194                     90101405272
 157 121  98  97 120 158 198 229 243 240 220 184                     90101405281
 139  92  56  42  57  97 148 193 222 235 232 213                     90101405282
 181 142 108  93 101 131 171 208 232 238 227 199                     90101405291
 159 112  68  38  35  61 108 160 200 224 231 222                     90101405292
 198 162 123  96  90 109 145 186 218 235 233 214                     90101405301
 180 137  91  52  32  40  76 127 176 210 226 225                     90101405302
 209 179 141 107  88  92 118 156 194 219 228 218                     90101405311
 193 155 111  68  37  30  51  95 146 187 212 220                     90101405312
 213 191 158 121  94  87 103 136 175 207 224 225                     90101406011
 208 179 140  98  62  43  49  81 126 171 201 216                     90101406012
 217 204 180 147 115  98 101 124 159 192 216 225                     90101406021
 218 197 164 126  90  64  57  73 108 151 188 211                     90101406022
 220 216 199 173 144 121 112 120 143 173 200 215                     90101406031
 215 202 179 150 119  91  74  74  94 128 164 191                     90101406032
 204 206 198 183 160 137 120 117 130 154 179 198                     90101406041
 206 203 191 170 144 118  97  87  93 114 145 173                     90101406042
 193 201 200 191 175 154 134 121 120 131 149 171                     90101406051
 189 199 197 185 166 144 124 109 104 111 131 156                     90101406052
 179 194 198 195 186 171 152 133 120 118 125 139                     90101406061
 157 175 187 188 178 162 145 128 116 112 117 132                     90101406062
 154 174 187 193 192 185 171 152 132 118 112 115                     90101406071
 127 145 165 180 186 183 172 157 139 124 116 119                     90101406072
 133 154 174 189 197 198 190 174 152 129 110  99                     90101406081
  99 113 136 163 184 193 192 182 165 144 124 110                     90101406082
 110 125 149 174 194 203 202 191 170 142 113  89                     90101406091
  76  79  99 130 162 185 197 197 187 168 142 115                     90101406092
  99 101 120 149 178 199 209 207 192 165 132  97                     90101406101
  70  58  66  94 132 169 196 210 211 199 175 143                     90101406102
 114  98 102 126 160 194 218 227 220 198 163 122                     90101406111
  82  52  43  60  99 146 186 213 225 223 207 176                     90101406112
 138 106  92 103 136 178 215 238 243 230 201 159                     90101406121
 111  66  37  33  59 107 160 202 228 237 230 206                     90101406122
 169 127  95  86 103 142 188 226 247 247 228 192                     90101406131
 143  92  47  22  27  63 117 172 213 236 241 229                     90101406132
 199 154 117  84  80 110 152 204 232 244 241 218                     90101406141
 170 122  77  31  10  25  67 135 182 218 237 240                     90101406142
 224 190 146 105  83  87 119 164 208 239 251 242                     90101406151
 213 169 116  64  26  15  37  86 143 192 224 238                     90101406152
 235 215 178 134  97  81  92 127 172 213 239 246                     90101406161
 233 201 156 106  59  29  27  55 105 157 198 223                     90101406162
 232 226 203 166 125  93  83  97 132 175 211 231                     90101406171
 233 218 188 147 103  66  45  49  79 125 170 204                     90101406172
 223 228 218 194 159 122  96  89 106 138 175 205                     90101406181
 221 221 205 176 139 101  71  58  67  97 137 173                     90101406182
 198 211 213 203 181 149 117  95  90 104 132 164                     90101406191
 192 209 211 198 174 144 114  91  82  91 116 149                     90101406192
 179 199 209 208 197 175 146 117  97  90  99 122                     90101406201
 152 180 197 200 190 171 147 124 105  98 106 128                     90101406202
 156 180 196 203 201 192 174 148 121  99  89  94                     90101406211
 113 142 169 187 193 189 177 160 141 123 115 120                     90101406212
 137 161 182 198 206 206 198 179 153 124 100  86                     90101406221
  87 105 134 165 188 197 196 187 172 153 133 120                     90101406222
 121 136 159 182 200 208 209 200 180 152 120  92                     90101406231
  75  77  98 130 164 189 202 204 197 182 159 136                     90101406232
 119 118 132 158 184 206 217 216 204 181 148 112                     90101406241
  80  62  65  90 129 168 197 211 213 204 184 157                     90101406242
 129 113 113 131 161 192 216 227 223 204 174 136                     90101406251
  97  66  52  63  96 140 180 208 221 219 204 178                     90101406252
 146 117 103 109 134 170 203 225 232 221 197 162                     90101406261
 121  81  53  46  67 108 156 195 219 227 220 200                     90101406262
 169 134 108 100 116 148 186 217 235 236 221 191                     90101406271
 150 105  65  44  49  82 130 177 211 228 229 215                     90101406272
 188 153 119 100 102 126 164 203 230 241 233 210                     90101406281
 173 128  83  49  38  56  99 150 194 221 231 225                     90101406282
 205 173 136 105  93 105 137 177 214 235 239 224                     90101406291
 194 153 107  65  40  41  71 120 170 207 226 229                     90101406292
 216 189 152 115  91  90 111 148 188 220 234 229                     90101406301
 207 172 130  86  52  38  52  92 142 187 215 224                     90101406302
 218 197 164 127  96  83  92 120 160 197 220 225                     90101407011
 212 185 148 107  69  46  45  71 115 162 198 216                     90101407012
 218 205 179 145 111  89  85 102 135 172 203 218                     90101407021
 216 198 169 133  97  69  57  69 101 144 182 207                     90101407022
 217 214 199 173 141 114 100 105 127 159 191 212                     90101407031
 219 212 193 165 133 104  84  80  98 133 173 204                     90101407032
 220 222 212 191 164 134 111 101 107 127 155 183                     90101407041
 202 207 197 176 150 123  98  84  87 107 140 172                     90101407042
 195 204 201 189 169 144 118 100  94 102 121 147                     90101407051
 171 187 191 183 166 145 124 106  98 103 122 150                     90101407052
 176 193 199 196 186 169 147 123 105  98 103 119                     90101407061
 142 166 183 189 184 173 158 141 127 121 127 143                     90101407062
 165 185 198 203 202 193 177 154 130 110  99 100                     90101407071
 113 136 161 180 189 189 181 168 150 133 122 123                     90101407072
 136 157 179 196 205 205 195 176 151 124 101  86                     90101407081
  84  98 124 155 180 195 198 192 179 160 138 121                     90101407082
 118 131 156 183 204 215 216 206 186 157 124  95                     90101407091
  77  77  97 130 166 195 213 222 220 207 184 157                     90101407092
 138 135 152 181 210 232 244 244 232 206 167 125                     90101407101
  87  63  61  83 123 168 204 226 232 225 205 174                     90101407102
 139 114 107 123 157 196 229 246 244 225 192 148                     90101407111
 101  59  35  38  69 118 168 207 230 237 228 202                     90101407112
 162 120  92  88 111 153 199 234 251 247 224 183                     90101407121
 132  79  36  15  27  69 125 179 216 236 239 224                     90101407122
 191 148 106  83  88 121 170 216 248 260 252 225                     90101407131
 181 126  71  29  15  35  84 144 195 229 245 243                     90101407132
 221 182 134  92  71  82 120 171 218 249 260 248                     90101407141
 216 166 107  53  17  12  42  96 155 202 230 240                     90101407142
 233 207 164 116  78  64  81 122 174 218 245 250                     90101407151
 234 198 148  94  48  22  27  63 118 172 212 234                     90101407152
 237 223 191 149 106  75  68  89 132 181 221 241                     90101407161
 241 221 186 141  94  55  39  51  91 142 188 218                     90101407162
 230 226 207 175 134  97  74  74  97 136 178 211                     90101407171
 227 224 205 172 131  93  67  62  82 120 164 200                     90101407172
 220 225 217 196 164 126  94  77  81 105 142 178                     90101407181
 203 213 207 190 163 132 104  86  88 110 145 179                     90101407182
 203 214 214 204 185 157 125  99  86  89 108 138                     90101407191
 169 191 200 195 181 161 138 118 108 113 132 157                     90101407192
 182 198 205 203 194 178 154 127 103  89  89 103                     90101407201
 128 156 178 189 187 178 164 148 133 125 126 138                     90101407202
 156 176 192 200 199 190 175 154 131 109  93  87                     90101407211
  95 116 143 167 182 185 181 172 160 146 134 130                     90101407212
 135 149 166 183 195 198 193 178 157 133 109  89                     90101407221
  80  86 106 136 165 186 194 193 185 172 155 139                     90101407222
 130 133 146 166 187 203 210 205 188 164 135 106                     90101407231
  84  74  82 106 140 172 195 203 201 190 172 150                     90101407232
 130 119 123 140 166 193 213 220 212 192 161 126                     90101407241
  93  68  60  74 107 147 183 206 214 209 194 169                     90101407242
 140 116 106 115 139 171 201 221 225 213 187 151                     90101407251
 111  75  53  52  77 118 162 196 215 218 207 184                     90101407252
 152 119  98  96 115 148 184 213 227 224 206 175                     90101407261
 135  93  59  45  56  93 141 186 215 226 223 205                     90101407262
 175 138 106  90  98 127 166 204 229 236 225 199                     90101407271
 160 114  70  41  37  63 111 163 203 225 229 218                     90101407272
 191 153 114  86  80 100 138 180 215 234 235 217                     90101407281
 183 138  92  55  38  50  88 140 187 219 231 226                     90101407282
 206 172 132  96  79  85 115 158 198 226 236 227                     90101407291
 203 165 121  78  50  46  72 119 171 210 231 234                     90101407292
 220 191 152 111  84  78  98 135 177 211 229 230                     90101407301
 215 186 146 103  68  52  63  99 147 191 220 232                     90101407302
 227 206 172 132  98  81  87 116 156 195 221 231                     90101407311
 225 204 170 130  93  69  68  93 135 181 216 234                     90101407312
 236 223 197 161 125  99  92 108 140 178 209 227                     90101408011
 230 218 194 161 125  96  87 100 132 171 204 225                     90101408012
 232 228 213 186 153 122 105 107 129 162 193 215                     90101408021
 223 221 208 187 158 130 111 109 127 158 193 220                     90101408022
 233 234 224 206 180 152 129 117 119 137 165 194                     90101408031
 215 222 217 203 182 159 138 126 128 146 174 202                     90101408032
 221 228 225 213 194 169 144 123 113 117 133 159                     90101408041
 185 204 211 207 196 181 163 147 138 141 156 179                     90101408042
 200 215 220 217 207 191 169 145 125 113 112 123                     90101408051
 145 169 189 199 200 194 185 172 157 145 143 152                     90101408052
 170 190 206 214 214 205 190 169 145 122 105  97                     90101408061
 103 123 150 177 195 202 201 195 183 167 151 141                     90101408062
 143 157 177 198 215 222 217 201 177 148 120  96                     90101408071
  84  88 110 142 176 201 215 218 212 196 172 146                     90101408072
 129 128 142 168 198 223 235 232 213 183 147 109                     90101408081
  78  62  68  96 136 176 206 224 230 223 201 170                     90101408082
 136 113 111 132 169 208 238 251 247 227 192 148                     90101408091
 102  66  50  61  98 147 194 228 246 248 232 201                     90101408092
 160 123 102 106 134 176 219 252 266 259 230 186                     90101408101
 135  87  52  39  56  99 155 206 240 257 254 231                     90101408102
 191 143 103  87 100 139 189 235 266 278 268 236                     90101408111
 186 129  75  40  35  65 120 179 227 256 266 254                     90101408112
 223 175 123  84  72  94 140 194 240 267 273 257                     90101408121
 219 167 109  61  34  41  80 139 196 238 260 262                     90101408122
 243 204 152 101  67  63  91 142 197 240 264 267                     90101408131
 249 210 157 103  60  44  61 106 163 212 245 257                     90101408132
 251 226 183 132  86  62  67 102 153 202 238 254                     90101408141
 250 228 188 139  94  64  62  88 135 186 226 247                     90101408142
 249 235 204 162 117  83  68  81 116 163 205 233                     90101408151
 242 233 209 173 133  99  82  90 120 163 204 232                     90101408152
 242 237 218 186 148 111  84  77  92 125 166 202                     90101408161
 222 224 212 189 159 130 108 103 115 144 179 209                     90101408162
 226 229 219 199 171 141 113  94  90 103 130 163                     90101408171
 192 207 207 196 179 157 137 124 125 140 163 188                     90101408172
 207 216 215 206 189 167 144 123 109 106 115 136                     90101408181
 162 185 197 198 190 179 166 155 147 147 155 171                     90101408182
 187 200 206 205 199 188 172 153 133 117 110 114                     90101408191
 128 150 171 185 189 186 180 172 164 156 151 152                     90101408192
 159 170 181 191 197 196 187 172 153 133 115 103                     90101408201
 101 112 133 157 177 188 190 188 181 171 158 147                     90101408202
 141 144 154 170 187 201 206 199 182 159 135 113                     90101408211
  98  94 104 128 158 184 200 204 201 190 173 153                     90101408212
 136 129 135 152 175 197 211 214 203 183 156 127                     90101408221
  99  81  80  98 132 169 197 212 215 207 190 165                     90101408222
 138 119 115 127 152 183 209 225 225 210 183 149                     90101408231
 114  84  70  76 104 145 185 213 225 223 207 180                     90101408232
 148 118 102 104 126 162 198 226 237 230 207 172                     90101408241
 132  95  68  62  81 121 168 206 229 235 224 199                     90101408242
 164 127 100  91 106 140 181 217 238 241 226 197                     90101408251
 158 115  78  58  64  97 145 193 226 241 238 218                     90101408252
 184 143 106  85  87 114 156 200 233 247 241 218                     90101408261
 180 134  88  55  46  68 114 167 212 236 241 227                     90101408262
 197 156 113  81  70  87 125 172 213 237 242 228                     90101408271
 198 155 108  68  48  56  93 145 193 225 238 232                     90101408272
 209 171 125  85  63  68  99 145 190 222 236 233                     90101408281
 212 177 132  89  60  56  80 126 176 215 236 238                     90101408282
 222 189 147 104  73  64  82 121 168 207 230 235                     90101408291
 223 196 159 118  84  66  75 109 156 201 229 238                     90101408292
 229 204 167 125  88  67  69  96 138 181 212 226                     90101408301
 223 206 177 140 105  82  80 102 140 182 214 230                     90101408302
 230 216 188 151 113  85  75  87 118 158 194 216                     90101408311
 223 216 196 168 137 111  99 106 132 167 200 222                     90101408312
 230 222 202 173 140 110  91  88 102 131 165 193                     90101409011
 209 211 202 186 164 140 123 118 129 152 181 204                     90101409012
 217 218 208 190 164 137 113  99  98 111 136 165                     90101409021
 188 199 199 192 182 169 154 143 141 151 169 189                     90101409022
 205 214 215 208 194 175 153 133 119 113 119 136                     90101409031
 160 183 198 202 199 194 186 175 163 157 159 170                     90101409032
 185 200 211 216 212 202 185 165 143 124 111 109                     90101409041
 119 140 164 185 198 202 201 195 183 167 153 146                     90101409042
 150 163 181 199 212 216 209 192 168 141 115  96                     90101409051
  89  98 121 152 181 201 213 215 208 191 166 141                     90101409052
 127 128 145 172 200 222 231 227 209 180 145 110                     90101409061
  82  70  80 110 150 188 215 230 231 217 190 155                     90101409062
 122 104 106 130 168 208 238 251 245 220 183 139                     90101409071
  95  62  51  68 109 161 206 236 250 246 223 185                     90101409072
 139  99  79  89 125 175 222 253 264 256 227 182                     90101409081
 129  79  46  41  69 121 178 225 254 263 251 218                     90101409082
 168 115  75  62  82 129 185 235 266 276 263 228                     90101409091
 176 118  68  41  47  87 146 203 246 268 269 247                     90101409092
 204 148  94  59  56  88 142 200 246 272 277 259                     90101409101
 218 163 105  62  46  65 112 172 223 256 270 262                     90101409102
 231 181 124  74  48  57  97 154 209 247 266 265                     90101409111
 241 198 143  92  60  58  88 140 195 236 259 262                     90101409112
 244 206 155 101  61  47  66 112 166 214 244 256                     90101409121
 249 222 178 129  89  72  84 121 168 211 240 252                     90101409122
 246 222 183 136  91  62  58  83 128 176 214 235                     90101409131
 240 228 200 161 122  94  89 109 147 188 221 237                     90101409132
 237 222 195 157 117  82  63  66  94 136 178 207                     90101409141
 219 216 201 176 146 120 107 112 135 167 197 217                     90101409142
 224 218 201 176 145 115  91  81  89 115 150 182                     90101409151
 202 207 201 189 171 152 136 131 139 158 181 201                     90101409152
 213 214 206 190 169 146 125 108 102 108 126 151                     90101409161
 174 187 190 185 178 169 158 150 147 152 163 176                     90101409162
 187 194 195 190 180 165 149 133 120 113 115 126                     90101409171
 142 160 173 179 179 177 174 168 162 156 155 158                     90101409172
 165 173 181 185 186 181 171 158 142 128 117 113                     90101409181
 116 129 146 162 174 180 182 181 174 164 153 146                     90101409182
 145 150 160 172 182 188 188 181 168 150 132 118                     90101409191
 112 115 129 150 170 186 195 199 197 187 170 151                     90101409192
 137 134 143 161 183 201 212 211 200 181 156 130                     90101409201
 109  99 107 130 160 188 205 211 209 199 179 153                     90101409202
 129 114 117 134 161 189 211 221 216 198 171 139                     90101409211
 109  88  85 101 134 172 203 220 223 213 192 163                     90101409212
 132 108  98 108 135 171 204 225 230 219 195 160                     90101409221
 122  89  71  77 107 150 192 221 233 230 212 181                     90101409222
 143 107  84  84 107 148 191 225 240 237 218 185                     90101409231
 144 103  74  67  87 129 177 215 236 240 227 199                     90101409232
 159 117  85  75  91 130 177 217 242 252 244 219                     90101409241
 180 135  98  81  92 128 176 220 250 262 255 229                     90101409242
 189 142 100  74  74 101 146 194 230 248 248 229                     90101409251
 193 147 102  70  64  88 134 185 224 245 246 228                     90101409252
 193 147  99  64  52  69 110 161 205 233 243 236                     90101409261
 211 170 124  86  68  79 115 163 208 237 247 238                     90101409262
 212 170 122  80  55  57  86 133 181 217 236 239                     90101409271
 224 192 151 109  82  78 100 142 188 224 242 241                     90101409272
 223 189 145 101  67  54  68 105 153 196 224 235                     90101409281
 229 209 176 137 104  87  95 125 167 206 232 239                     90101409282
 230 204 167 125  88  64  63  85 125 169 204 223                     90101409291
 227 218 197 166 134 111 107 124 156 192 221 236                     90101409292
 235 220 194 158 122  91  75  80 106 144 180 205                     90101409301
 215 213 203 185 161 137 121 121 136 162 187 207                     90101409302
 215 212 198 173 143 112  88  77  84 107 140 169                     90101410011
 187 194 193 186 174 158 141 130 131 145 166 186                     90101410012
 201 207 203 192 174 152 130 112 102 104 119 142                     90101410021
 166 183 192 195 194 190 180 167 154 148 152 163                     90101410022
 177 191 202 206 201 188 169 148 127 111 104 109                     90101410031
 125 148 171 188 198 203 201 192 175 155 138 131                     90101410032
 135 150 169 190 204 206 196 176 150 124 101  86                     90101410041
  84  97 123 152 176 192 201 200 188 166 136 110                     90101410042
  97 103 125 156 184 203 210 205 187 159 124  92                     90101410051
  71  69  89 123 161 192 213 222 218 198 163 124                     90101410052
  93  79  88 116 156 194 221 232 224 198 160 116                     90101410061
  75  50  49  74 118 165 203 227 234 222 192 149                     90101410062
 103  68  56  73 114 163 206 235 244 233 202 157                     90101410071
 108  65  43  50  85 137 189 227 246 245 224 183                     90101410072
 130  79  44  39  67 119 175 221 247 252 235 197                     90101410081
 146  93  55  44  65 112 168 214 243 253 242 210                     90101410082
 160 104  55  31  39  80 137 191 230 251 251 230                     90101410091
 189 137  89  60  61  93 143 194 232 253 255 235                     90101410092
 194 140  84  43  30  52 101 160 209 241 253 246                     90101410101
 220 177 129  89  71  83 121 169 213 242 252 244                     90101410102
 215 169 116  66  36  35  66 117 170 210 234 241                     90101410111
 231 204 163 120  91  87 110 151 193 224 241 244                     90101410112
 229 198 154 107  69  51  62  98 147 192 222 236                     90101410121
 235 221 193 158 127 112 121 150 185 214 232 238                     90101410122
 234 216 185 149 116  96  95 113 144 177 204 223                     90101410131
 231 227 208 178 144 118 109 119 144 174 202 218                     90101410132
 218 203 175 142 111  86  71  73  93 127 165 194                     90101410141
 207 208 201 187 167 146 132 132 146 168 191 207                     90101410142
 214 209 195 174 151 127 106  95  98 116 144 171                     90101410151
 188 193 189 183 173 162 150 143 143 152 165 178                     90101410152
 187 190 187 177 163 146 130 118 111 113 125 143                     90101410161
 162 176 182 182 180 177 171 162 155 151 153 159                     90101410162
 166 172 176 177 175 167 154 139 126 116 115 121                     90101410171
 135 152 167 177 181 182 180 173 162 150 140 136                     90101410172
 139 147 159 173 183 186 180 166 149 133 121 115                     90101410181
 116 128 146 166 181 189 191 188 178 162 143 127                     90101410182
 120 124 137 157 177 191 195 188 173 152 131 112                     90101410191
 103 107 124 150 175 193 202 204 196 179 154 128                     90101410192
 109 103 113 137 166 193 209 212 202 181 154 125                     90101410201
 103  94 104 130 164 195 216 225 220 203 175 142                     90101410202
 112  94  95 114 149 187 216 230 228 213 186 154                     90101410211
 122  99  95 113 150 191 223 241 241 227 200 162                     90101410212
 122  89  76  87 120 163 201 226 234 226 203 168                     90101410221
 128  94  77  83 111 150 189 216 227 221 197 160                     90101410222
 116  77  53  54  81 125 172 209 228 231 217 188                     90101410231
 148 107  79  72  93 133 179 217 237 238 221 187                     90101410232
 143  97  61  46  59  99 150 196 226 239 235 214                     90101410241
 178 134  95  74  80 112 160 205 236 247 238 210                     90101410242
 167 118  73  43  41  68 116 168 209 233 241 230                     90101410251
 203 162 118  85  77  97 139 187 226 246 246 227                     90101410252
 191 143  94  55  38  50  89 141 190 223 240 239                     90101410261
 222 189 147 109  87  92 123 168 212 242 253 245                     90101410262
 217 175 126  79  47  40  63 108 161 203 228 235                     90101410271
 226 202 166 125  93  80  92 126 169 207 230 232                     90101410272
 214 180 137  91  53  31  35  66 114 162 196 212                     90101410281
 214 203 180 148 115  93  91 112 147 184 212 223                     90101410282
 218 198 166 128  90  59  45  55  87 130 169 195                     90101410291
 205 204 192 171 144 118 103 106 125 155 185 208                     90101410292
 216 208 187 158 124  92  67  59  70 100 138 170                     90101410301
 190 198 196 188 174 153 132 120 120 135 157 180                     90101410302
 198 205 201 186 163 136 110  89  81  88 110 139                     90101410311
 166 184 194 197 194 184 166 146 132 128 136 152                     90101410312
 171 189 201 203 196 179 157 134 114 103 103 117                     90101411011
 140 165 186 198 205 206 200 184 161 138 123 122                     90101411012
 133 154 180 202 214 212 198 176 153 131 113 105                     90101411021
 110 129 157 186 208 220 220 209 187 158 126 101                     90101411022
  91 100 127 163 195 214 217 204 179 148 116  88                     90101411031
  74  79 104 141 177 204 217 216 201 172 134  95                     90101411032
  67  59  75 112 156 194 217 220 207 182 147 111                     90101411041
  81  68  77 107 150 190 218 231 226 203 164 117                     90101411042
  73  45  42  69 116 167 206 228 232 218 189 148                     90101411051
 105  73  64  81 121 169 211 237 243 229 196 149                     90101411052
  97  53  30  37  75 129 181 219 239 240 222 186                     90101411061
 140  96  68  67  93 138 186 223 243 241 219 179                     90101411062
 126  73  32  17  36  83 141 191 224 239 236 214                     90101411071
 175 128  87  67  75 110 159 206 238 249 238 207                     90101411072
 158 102  51  19  18  49 102 157 201 228 238 229                     90101411081
 201 157 112  80  74  97 139 185 221 241 244 226                     90101411082
 190 140  87  43  21  30  70 125 178 215 233 234                     90101411091
 217 184 142 103  81  84 113 156 198 228 239 231                     90101411092
 205 164 116  70  35  24  42  85 139 185 215 226                     90101411101
 220 199 165 127  98  88 101 133 173 208 228 229                     90101411102
 212 181 141  99  63  42  44  73 119 165 199 215                     90101411111
 216 206 184 155 125 105 104 124 157 191 217 227                     90101411112
 220 199 169 133  98  69  56  65  95 138 179 205                     90101411121
 215 210 195 171 143 118 106 110 129 156 183 201                     90101411122
 207 200 179 150 117  86  65  60  75 105 141 170                     90101411131
 187 189 182 168 151 131 116 110 117 134 154 173                     90101411132
 185 186 177 159 136 113  93  81  81  95 120 147                     90101411141
 166 175 176 172 164 152 137 123 118 122 133 147                     90101411142
 160 169 172 167 155 139 121 105  94  93 103 121                     90101411151
 141 156 164 166 164 159 149 136 122 113 111 116                     90101411152
 126 139 152 161 162 154 141 126 113 104 100 105                     90101411161
 119 139 157 169 175 174 169 158 141 122 108 102                     90101411162
 104 115 133 152 169 177 174 161 143 124 109 100                     90101411171
 102 114 134 157 176 186 185 174 157 134 110  90                     90101411172
  79  82  99 125 153 174 182 177 161 140 117  97                     90101411181
  85  88 106 133 162 183 192 189 174 149 119  88                     90101411182
  66  59  70  98 134 166 186 192 185 167 140 110                     90101411191
  85  75  86 114 149 181 200 206 199 177 144 105                     90101411192
  71  51  52  76 114 154 185 202 206 196 172 138                     90101411201
 103  79  76  95 131 170 200 216 215 198 166 124                     90101411202
  81  47  33  45  81 128 170 200 214 214 198 167                     90101411211
 128  92  73  79 109 150 189 217 228 221 195 154                     90101411212
 105  60  30  26  51  97 148 188 214 224 219 196                     90101411221
 157 114  82  72  89 128 173 211 233 236 220 184                     90101411222
 136  85  42  20  28  65 118 170 207 227 231 218                     90101411231
 188 145 102  74  74 103 148 193 226 239 233 208                     90101411232
 166 115  66  29  18  38  83 138 185 216 232 232                     90101411241
 214 180 137 100  84  96 132 178 219 245 252 239                     90101411242
 208 161 109  62  33  33  62 111 162 202 225 233                     90101411251
 226 202 165 123  91  80  97 134 178 214 234 234                     90101411252
 215 179 132  83  45  26  35  71 121 169 204 222                     90101411261
 226 213 186 149 113  91  90 111 148 187 217 229                     90101411262
 222 197 160 117  74  42  29  43  80 128 169 196                     90101411271
 207 206 194 169 137 106  89  92 115 150 183 206                     90101411272
 214 206 184 151 114  79  54  48  65 100 140 174                     90101411281
 197 208 209 197 174 145 119 106 110 130 158 186                     90101411282
 206 214 207 188 162 131 101  79  71  83 112 147                     90101411291
 176 193 200 198 189 170 144 120 104 102 113 135                     90101411292
 160 182 194 193 181 162 138 115  98  93 105 127                     90101411301
 153 176 192 202 206 201 185 160 135 115 108 114                     90101411302
 132 159 185 204 210 203 185 162 135 112  96  93                     90101412011
 106 132 163 192 209 213 203 183 154 121  90  72                     90101412012
  73  94 126 159 184 197 195 182 160 134 107  88                     90101412021
  85 100 129 161 187 201 205 198 180 150 114  79                     90101412022
  56  55  78 116 157 189 205 207 197 176 147 117                     90101412031
  96  93 109 139 173 201 219 224 214 187 148 104                     90101412032
  66  47  53  83 126 166 195 210 210 199 174 141                     90101412041
 106  84  82 103 139 178 209 224 221 202 169 127                     90101412042
  81  43  24  33  69 120 168 201 217 216 198 166                     90101412051
 127  92  71  73  99 141 184 215 226 218 192 153                     90101412052
 104  55  18   7  28  75 131 178 206 215 209 188                     90101412061
 154 114  81  66  77 111 156 197 222 225 208 174                     90101412062
 129  78  32   6  10  46 100 152 190 211 217 206                     90101412071
 178 139  99  73  71  95 136 178 210 224 219 195                     90101412072
 156 106  58  15   4  17  63 124 177999999999999                     90101412081
99999999999999999999  76 109 155 194 207 214 205                     90101412082
 172 128  82  41   8   6  28  83 137999999999999                     90101412091
999999999999999999999999  82 118 165 195 208 206                     90101412092
 185 151 108  64  30  17  32  72 120 161 189 203                     90101412101
 204 192 165 130 100  85  94 123 160 193 213 218                     90101412102
 208 185 152 113  76  51  46  65 103 147 182 202                     90101412111
 207 199 180 153 123 100  92 104 132 165 192 205                     90101412112
 204 189 163 132  99  71  56  62  89 128 165 190                     90101412121
 201 199 186 164 136 111  96  97 112 137 165 186                     90101412122
 196 192 176 151 122  94  72  64  76 105 141 170                     90101412131
 186 189 184 173 154 132 111  99 100 112 131 153                     90101412132
 170 178 174 159 138 114  92  76  73  85 110 138                     90101412141
 160 172 174 169 157 140 120 103  93  94 104 119                     90101412142
 137 152 160 159 149 135 117 100  88  87  99 120                     90101412151
 144 162 171 173 170 161 146 127 108  97  96 105                     90101412152
 120 139 157 168 171 167 156 142 127 117 114 119                     90101412161
 131 146 161 173 178 175 164 146 124 101  82  72                     90101412162
  74  88 111 135 155 166 166 156 139 117  98  87                     90101412171
  90 105 127 149 169 180 181 169 146 115  83  57                     90101412172
  46  52  73 103 135 161 173 172 158 137 111  86                     90101412181
  71  74  94 124 152 171 177 170 153 127  94  61                     90101412182
  36  28  41  71 108 140 161 171 171 160 137 107                     90101412191
  80  68  78 105 139 169 187 193 185 164 130  90                     90101412192
  52  27  25  47  89 134 170 191 199 194 176 147                     90101412201
 113  86  77  91 122 160 194 213 214 196 162 118                     90101412202
  71  30   6   9  41  91 142 180 202 207 198 174                     90101412211
 136  96  66  61  85 127 172 206 222 219 198 159                     90101412212
 108  55  12  -7   4  44  99 150 188 207 210 195                     90101412221
 163 120  79  55  59  90 139 187 221 233 223 191                     90101412222
 145  89  36  -4 -14  10  62 121 170 201 216 214                     90101412231
 193 154 105  64  47  61 101 150 194 221 227 211                     90101412232
 176 125  70  20 -10 -10  23  77 134 180 208 218                     90101412241
 210 182 139  94  61  54  77 123 173 213 234 232                     90101412242
 209 168 116  62  17  -6   2  40  96 149 189 210                     90101412251
 214 200 168 125  83  56  55  80 125 171 206 221                     90101412252
 215 188 146  96  48  13   1  19  63 116 162 193                     90101412261
 207 206 187 154 112  74  55  61  90 131 170 196                     90101412262
 205 196 170 133  91  52  28  25  48  88 132 167                     90101412271
 189 198 194 174 143 107  78  64  72  98 133 166                     90101412272
 188 194 186 164 133  99  69  52  54  78 115 152                     90101412281
 180 196 201 195 177 150 119  94  82  86 106 135                     90101412282
 166 188 196 190 173 149 122  99  85  87 105 134                     90101412291
 164 185 194 195 188 174 151 124  99  84  83  97                     90101412292
 123 153 176 187 185 172 153 132 114 101 101 113                     90101412301
 135 159 178 189 191 186 173 152 126  99  79  72                     90101412302
  81 104 135 162 179 183 178 166 150 133 119 115                     90101412311
 123 143 168 192 207 210 200 181 154 121  87  60                     90101412312
