 197 164 122  81  45  22  27  62 115 161 185 199                     90101301011
 204 191 160 121  90  71  71  96 136 177 201 209                     90101301012
 204 182 143 103  67  39  27  45  86 137 177 197                     90101301021
 202 197 173 134  97  68  53  60  87 125 164 189                     90101301022
 194 181 151 114  77  43  19  19  45  88 136 170                     90101301031
 182 181 167 140 106  77  53  46  60  89 124 156                     90101301032
 173 171 157 133 103  75  49  33  41  73 118 155                     90101301041
 173 179 177 163 137 108  81  65  64  77 100 130                     90101301042
 159 172 170 161 143 117  92  74  68  79 107 143                     90101301051
 171 183 184 179 165 142 116  92  74  68  76  96                     90101301052
 123 151 168 169 159 146 129 111  95  88  96 119                     90101301061
 147 167 177 180 177 166 144 119  96  75  65  71                     90101301062
  87 112 142 161 164 164 161 151 132 114 104 107                     90101301071
 124 147 169 180 185 186 177 155 128 101  75  57                     90101301072
  53  67  95 131 159 170 173 171 163 146 123 103                     90101301081
  99 111 133 159 181 192 192 183 162 131  97  62                     90101301082
  36  28  42  76 121 160 177 182 184 173 146 115                     90101301091
  91  80  87 108 142 177 198 203 191 161 121  80                     90101301092
  39   9  -2  16  60 114 157 178 189 193 177 145                     90101301101
 108  76  59  68 101 147 186 205 208 195 159 114                     90101301102
  67  20 -13 -18  10  64 122 160 184 203 204 181                     90101301111
 142  99  62  47  66 110 161 198 217 221 205 163                     90101301112
 110  59  12 -19 -18  20  83 141 177 203 216 207                     90101301121
 175 129  83  50  45  73 124 178 212 226 227 203                     90101301122
 154  99  47   4 -19  -9  40 107 159 192 214 221                     90101301131
 203 163 116  73  48  54  90 143 185 206 220 224                     90101301132
 197 144  90  41   2  -8  19  77 143 181 201 219                     90101301141
 217 189 144  97  59  41  54  97 153 195 216 220                     90101301142
 207 169 120  72  28  -1   3  40 101 155 185 201                     90101301151
 209 198 164 118  76  48  46  74 121 165 191 205                     90101301152
 210 193 153 107  68  39  29  46  88 138 173 192                     90101301161
 206 206 185 148 108  77  59  63  91 131 169 190                     90101301162
 199 195 172 136 102  73  52  50  73 114 156 180                     90101301171
 190 194 185 158 121  88  64  57  68  91 120 149                     90101301172
 163 165 155 134 107  82  65  59  67  93 130 163                     90101301181
 179 183 177 161 137 111  88  73  69  77  97 125                     90101301182
 155 169 165 153 138 120 103  91  89  99 119 143                     90101301191
 164 173 170 162 150 132 111  91  78  74  79  93                     90101301192
 115 139 152 147 137 126 116 108 103 103 113 128                     90101301201
 147 157 159 157 152 142 126 112  99  84  74  75                     90101301202
  89 108 130 143 143 140 139 133 127 121 119 124                     90101301211
 136 147 155 160 165 167 160 151 136 117 101  90                     90101301212
  86  93 109 133 161 170 165 164 163 153 140 129                     90101301221
 125 129 138 151 165 174 174 166 152 128 104  83                     90101301222
  67  63  73  97 130 155 163 168 171 163 149 132                     90101301231
 119 113 119 135 156 174 181 183 178 160 132 103                     90101301232
  77  59  57  75 109 149 174 182 188 190 178 155                     90101301241
 130 111 105 118 143 173 196 207 207 195 171 138                     90101301242
 100  63  41  42  68 111 154 182 193 195 187 165                     90101301251
 133 102  81  79 100 137 177 202 211 205 183 145                     90101301252
 103  62  28  17  36  81 135 176 195 202 201 183                     90101301261
 149 111  81  66  75 108 153 190 209 211 197 164                     90101301262
 121  78  38  11  14  49 104 154 182 198 205 194                     90101301271
 165 124  86  59  55  79 123 170 202 212 207 185                     90101301272
 143  94  48   9  -8  10  60 119 163 188 201 198                     90101301281
 174 133  90  55  39  50  86 138 182 204 210 202                     90101301282
 169 120  71  29   0  -1  33  91 145 180 198 203                     90101301291
 191 157 108  65  35  31  57 107 159 192 206 209                     90101301292
 191 147  95  50  14  -3  15  65 125 169 192 203                     90101301301
 200 173 127  82  47  29  37  75 128 170 190 200                     90101301302
 198 169 121  76  38  12   9  41  95 145 174 193                     90101301311
 200 185 148 101  61  33  26  47  93 141 171 185                     90101301312
 190 181 150 108  71  42  27  39  81 132 171 192                     90101302011
 203 200 177 138  97  65  48  52  79 122 165 190                     90101302012
 198 195 179 150 115  87  65  58  77 115 158 187                     90101302021
 200 202 189 158 120  87  58  43  50  78 117 150                     90101302022
 168 173 171 158 134 105  80  65  69  94 130 160                     90101302031
 176 184 186 176 151 121  91  67  59  66  85 115                     90101302032
 146 163 171 173 166 152 135 117 103 105 128 155                     90101302041
 175 186 189 187 176 156 131 105  83  68  65  73                     90101302042
  93 120 148 158 156 156 153 141 125 112 109 117                     90101302051
 131 149 165 176 179 175 161 138 114  94  77  66                     90101302052
  66  81 111 142 159 168 173 173 163 148 131 117                     90101302061
 112 123 144 167 182 189 188 178 156 128  97  67                     90101302062
  50  47  62  93 131 158 173 186 191 182 159 128                     90101302071
 102  92 100 120 148 180 203 207 192 164 127  87                     90101302072
  47  18  11  29  69 121 163 184 191 189 171 140                     90101302081
 104  74  63  75 107 149 183 200 205 194 160 114                     90101302082
  70  30   2   1  31  86 138 171 194 208 204 177                     90101302091
 133  91  59  49  70 114 164 198 216 222 205 162                     90101302092
 109  59  16 -10  -3  40 103 155 187 209 217 199                     90101302101
 160 111  66  37  36  69 126 178 209 225 227 202                     90101302102
 151  97  49   9  -7  14  65 128 174 200 218 216                     90101302111
 186 137  86  44  21  31  75 135 180 206 221 217                     90101302112
 182 128  75  32   1   0  35  95 154 191 211 218                     90101302121
 204 167 118  73  37  26  53 108 163 201 223 227                     90101302122
 208 163 111  65  25   2  13  58 120 170 196 207                     90101302131
 204 179 133  85  46  21  24  61 119 166 192 207                     90101302132
 209 186 139  90  53  29  29  56 103 153 186 203                     90101302141
 209 194 157 110  71  43  31  46  87 138 177 194                     90101302142
 200 192 163 121  85  59  43  52  88 136 176 194                     90101302151
 198 193 170 131  93  59  35  33  59 100 143 173                     90101302152
 182 177 162 134 104  79  62  60  79 115 152 176                     90101302161
 184 182 170 142 108  78  55  43  50  74 107 139                     90101302162
 160 164 155 140 120  99  84  79  87 111 141 162                     90101302171
 171 174 171 156 132 109  89  74  71  79  98 124                     90101302172
 154 166 161 153 147 138 127 117 116 129 148 167                     90101302181
 180 181 173 162 148 129 110  92  81  75  77  89                     90101302182
 109 135 149 145 138 134 131 124 116 113 119 131                     90101302191
 145 151 151 153 151 144 131 114 100  88  80  79                     90101302192
  85  98 115 137 144 141 140 140 135 126 118 114                     90101302201
 115 121 127 133 141 147 148 139 123 106  87  71                     90101302202
  64  67  81 103 130 145 150 153 153 144 129 112                     90101302211
  99  96 103 118 137 155 165 164 151 130 106  82                     90101302212
  61  50  55  77 111 143 159 165 167 161 146 123                     90101302221
 101  85  84  99 125 153 177 187 183 165 135 103                     90101302222
  71  45  35  47  82 126 158 173 179 177 162 134                     90101302231
 102  75  63  69  94 129 165 188 193 183 157 119                     90101302232
  81  47  22  18  44  91 139 167 179 184 177 150                     90101302241
 112  75  50  45  64 103 148 181 197 200 185 147                     90101302242
 101  58  22   5  20  63 119 161 185 198 197 175                     90101302251
 135  91  55  35  43  79 129 172 197 209 205 178                     90101302252
 132  83  39   7   3  35  93 148 183 204 213 200                     90101302261
 164 115  71  39  31  56 107 159 194 214 225 213                     90101302262
 173 121  73  32  10  23  70 132 179 206 222 221                     90101302271
 192 142  91  49  22  24  62 121 174 205 221 222                     90101302272
 199 152  99  54  21  13  41  97 158 197 218 225                     90101302281
 211 169 116  69  35  20  38  86 145 189 213 226                     90101302282
 220 187 136  89  51  30  39  84 147 197 223 237                     90101303011
 235 206 156 105  64  32  25  52 102 154 192 210                     90101303012
 215 200 162 115  74  43  31  48  91 145 187 207                     90101303021
 210 194 156 109  66  32  12  19  53 105 155 181                     90101303022
 189 188 171 137  99  70  52  53  80 125 169 193                     90101303031
 203 201 181 143 102  66  37  26  40  74 118 155                     90101303032
 175 180 177 164 138 108  84  71  79 108 144 175                     90101303041
 191 193 185 163 131  99  69  45  39  52  80 115                     90101303042
 147 161 162 158 150 132 110  92  85  93 113 138                     90101303051
 160 172 173 167 150 125 101  79  60  52  56  71                     90101303052
  97 127 147 150 150 152 147 134 119 109 107 117                     90101303061
 131 146 160 171 174 165 146 125 103  82  66  60                     90101303062
  65  82 109 137 151 157 165 167 156 139 122 111                     90101303071
 111 121 138 158 177 188 189 176 152 125  98  75                     90101303072
  60  60  77 107 144 169 180 187 187 172 148 119                     90101303081
  96  89 102 127 160 190 206 208 196 169 134 101                     90101303082
  70  48  47  69 110 153 181 198 208 203 177 140                     90101303091
 104  79  72  87 121 164 195 213 219 207 173 128                     90101303092
  88  55  35  41  74 124 171 203 222 228 212 174                     90101303101
 125  82  52  47  71 117 164 196 213 214 193 151                     90101303102
 102  61  28  13  29  75 134 179 203 213 208 179                     90101303111
 132  83  44  24  33  75 132 178 203 217 216 187                     90101303112
 136  85  43  15  14  48 106 161 194 214 221 206                     90101303121
 167 115  69  35  23  48 103 162 202 224 233 221                     90101303122
 182 130  84  47  29  45  93 154 199 223 239 239                     90101303131
 208 156 105  63  32  31  67 123 174 205 219 218                     90101303132
 192 147  97  55  25  18  43  97 152 186 204 206                     90101303141
 187 144  93  48  14  -1  21  75 135 176 197 207                     90101303142
 199 166 118  75  46  33  47  88 141 180 200 210                     90101303151
 204 174 128  84  47  23  25  60 113 163 191 204                     90101303152
 206 189 153 113  80  59  57  82 125 172 202 211                     90101303161
 206 185 148 107  71  40  27  43  82 131 171 189                     90101303162
 193 186 165 132 100  76  68  81 113 153 184 197                     90101303171
 199 189 165 131  97  69  50  52  75 113 155 183                     90101303172
 195 195 187 167 143 124 112 117 138 168 195 212                     90101303181
 215 207 190 163 133 106  81  69  74  95 126 159                     90101303182
 183 184 175 161 144 127 114 109 115 131 155 175                     90101303191
 187 187 176 158 138 117  96  81  77  85 102 125                     90101303192
 152 165 160 155 151 144 135 125 122 130 144 159                     90101303201
 170 176 174 167 158 143 127 109  92  84  85  94                     90101303202
 109 127 142 147 144 143 144 137 131 125 122 124                     90101303211
 132 139 147 153 156 152 143 132 119 105  94  90                     90101303212
  93 103 120 140 154 158 160 161 156 145 132 122                     90101303221
 119 123 133 147 162 173 177 171 153 129 108  90                     90101303222
  78  79  94 119 150 170 176 177 174 158 136 114                     90101303231
  98  93 101 118 141 167 186 190 177 153 124  97                     90101303232
  76  64  67  90 126 161 182 191 193 181 156 126                     90101303241
  99  81  80  97 127 164 195 208 205 187 155 119                     90101303242
  85  58  47  61  96 139 174 193 202 197 173 135                     90101303251
  98  67  50  53  82 127 172 200 209 201 175 134                     90101303252
  92  56  30  27  53 103 154 187 204 208 192 155                     90101303261
 107  65  36  27  48  95 149 188 208 216 208 175                     90101303262
 126  80  42  21  32  76 134 181 207 221 216 187                     90101303271
 137  87  48  24  27  63 118 171 204 224 230 210                     90101303272
 165 114  69  36  27  54 108 165 205 225 232 215                     90101303281
 171 115  67  31  14  31  80 142 191 219 235 233                     90101303282
 203 153 103  63  39  44  83 140 190 219 234 232                     90101303291
 200 145  91  46  12   4  33  91 151 190 215 227                     90101303292
 217 182 133  88  53  39  57 104 161 203 226 233                     90101303301
 217 174 119  72  35  14  20  58 116 167 197 216                     90101303302
 222 204 166 123  87  64  66  94 141 187 212 224                     90101303311
 225 201 153 103  58  23   9  27  71 125 168 190                     90101303312
 200 201 182 150 113  83  71  82 114 154 186 205                     90101304011
 213 207 181 139  99  65  39  33  53  93 139 173                     90101304012
 189 195 190 173 148 122 103  97 111 140 173 197                     90101304021
 207 207 197 171 140 112  85  65  60  74 103 139                     90101304022
 170 180 179 177 168 151 130 111 103 109 126 147                     90101304031
 167 182 186 177 156 134 112  90  74  71  80  96                     90101304032
 122 151 165 168 172 172 164 149 132 119 116 124                     90101304041
 136 150 166 179 180 169 149 127 107  89  77  76                     90101304042
  85 104 130 152 163 171 175 171 156 134 114 102                     90101304051
 104 119 137 158 179 187 185 174 151 125 103  86                     90101304052
  79  84 107 139 167 185 201 208 199 179 152 126                     90101304061
 109 108 125 151 184 214 225 217 197 168 138 111                     90101304062
  85  69  72  93 130 173 205 217 211 193 162 123                     90101304071
  88  66  64  87 126 170 202 214 210 193 161 123                     90101304072
  88  61  52  69 107 154 189 206 212 208 183 140                     90101304081
  97  61  41  49  84 133 178 202 214 214 193 151                     90101304082
 108  73  49  48  75 122 169 199 215 217 199 161                     90101304091
 113  71  39  25  44  91 148 193 216 223 212 177                     90101304092
 131  90  57  41  53  92 143 185 207 215 210 182                     90101304101
 135  87  44  14  13  48 106 165 203 221 221 204                     90101304102
 166 119  81  54  48  74 124 176 210 224 224 205                     90101304111
 163 113  67  29  13  33  84 145 191 214 224 219                     90101304112
 193 148 105  72  56  65 103 156 199 220 224 213                     90101304121
 179 132  86  44  16  17  51 108 163 195 211 215                     90101304122
 200 165 122  86  63  61  84 128 175 204 215 215                     90101304131
 194 153 107  65  31  18  37  83 139 181 203 213                     90101304132
 211 188 150 114  87  77  89 123 168 205 222 225                     90101304141
 216 187 146 108  73  46  45  74 123 173 203 213                     90101304142
 216 205 176 142 111  91  90 111 146 184 210 218                     90101304151
 212 192 158 122  89  61  49  62  97 143 181 198                     90101304152
 203 202 189 164 136 112 103 114 139 169 196 208                     90101304161
 208 201 181 152 122  95  77  76  93 125 161 188                     90101304162
 201 201 197 184 164 142 124 119 131 154 179 198                     90101304171
 206 200 187 170 144 120  99  84  85 103 130 158                     90101304172
 180 181 181 181 173 157 140 127 127 138 155 171                     90101304181
 182 190 190 177 160 143 126 110 101 103 116 133                     90101304182
 154 172 176 173 170 163 152 138 126 121 124 132                     90101304191
 141 152 164 171 169 158 141 125 113 103 100 106                     90101304192
 121 142 158 166 171 174 172 166 154 139 128 124                     90101304201
 129 139 152 167 177 180 175 161 138 117 102  93                     90101304202
  95 110 134 161 178 183 185 181 167 143 120 104                     90101304211
  97 100 114 136 164 187 193 183 165 140 115  92                     90101304212
  78  79  97 129 164 185 192 193 183 161 130 101                     90101304221
  79  70  80 107 144 181 199 200 194 174 141 107                     90101304222
  79  65  71 101 143 178 197 208 208 190 156 116                     90101304231
  82  59  57  81 123 168 198 213 220 212 183 142                     90101304232
 106  79  70  88 131 179 211 229 239 230 196 150                     90101304241
 106  69  46  50  83 135 184 214 231 234 217 179                     90101304242
 133  94  66  60  86 136 189 222 237 238 219 175                     90101304251
 124  77  41  24  41  90 152 200 227 243 243 216                     90101304252
 170 122  80  55  60  98 155 205 232 242 235 201                     90101304261
 148  94  44   6  -2  30  93 160 204 227 239 232                     90101304262
 202 154 105  68  54  70 117 174 215 234 241 227                     90101304271
 183 126  73  25  -5   0  42 109 167 201 223 233                     90101304272
 219 184 136  91  62  58  85 135 187 218 233 234                     90101304281
 209 161 108  58  15  -4  13  62 126 174 201 219                     90101304282
 223 205 169 125  88  67  73 104 151 194 218 228                     90101304291
 225 196 148 100  57  25  17  39  86 143 184 206                     90101304292
 220 220 200 166 129  97  84  97 129 171 204 220                     90101304301
 223 213 185 144 104  68  44  42  66 109 156 188                     90101304302
 203 211 210 194 169 138 112 103 114 138 169 195                     90101305011
 207 208 198 170 135 103  74  53  51  71 109 148                     90101305012
 173 183 189 191 180 160 136 115 106 115 135 158                     90101305021
 181 197 200 190 170 145 119  96  80  79  93 119                     90101305022
 151 174 183 187 192 185 170 147 123 109 112 125                     90101305031
 143 164 185 195 190 176 155 132 112  97  89  93                     90101305032
 112 139 165 180 188 192 188 172 147 122 105 100                     90101305041
 105 120 143 170 189 191 181 163 141 119 101  89                     90101305042
  89 103 129 159 179 188 192 187 168 138 109  87                     90101305051
  77  83 104 134 168 190 195 189 175 150 123 101                     90101305052
  89  91 108 139 172 193 203 206 197 172 138 106                     90101305061
  80  68  77 104 143 182 205 209 203 186 156 124                     90101305062
  97  81  84 107 144 180 200 207 205 188 153 113                     90101305071
  78  52  45  62 100 147 182 198 203 197 175 140                     90101305072
 106  81  71  83 114 156 189 207 212 204 176 134                     90101305081
  94  59  36  40  71 120 169 199 212 214 202 172                     90101305082
 133  99  77  76  98 137 181 212 222 220 202 164                     90101305091
 119  78  45  32  47  90 146 190 213 223 221 200                     90101305092
 164 125  96  83  92 123 169 209 229 236 228 199                     90101305101
 154 109  71  45  45  75 127 181 214 229 235 226                     90101305102
 197 157 121  96  92 111 148 192 226 239 236 216                     90101305111
 177 133  91  56  39  50  89 145 192 216 228 228                     90101305112
 209 176 137 105  90  98 127 167 207 229 232 222                     90101305121
 193 150 107  68  40  36  61 109 164 201 218 224                     90101305122
 215 189 153 118  94  91 109 143 183 215 228 223                     90101305131
 205 170 129  90  56  39  49  83 134 179 202 212                     90101305132
 213 199 169 134 105  90  97 124 159 195 217 220                     90101305141
 212 189 151 115  81  55  49  67 107 157 191 206                     90101305142
 211 206 186 157 127 104  99 114 141 173 202 215                     90101305151
 211 198 172 139 107  79  63  67  92 131 172 194                     90101305152
 201 201 192 171 145 121 104 104 121 147 174 192                     90101305161
 197 192 177 151 121  93  73  64  74 102 137 167                     90101305162
 183 186 184 174 155 133 114 104 109 125 148 173                     90101305171
 189 192 184 170 149 127 107  93  90  99 122 150                     90101305172
 175 187 190 187 180 165 145 128 120 125 139 154                     90101305181
 172 189 195 190 182 168 146 126 113 110 117 135                     90101305182
 163 186 196 201 204 200 187 169 150 136 135 146                     90101305191
 160 178 197 209 208 199 185 166 146 130 122 124                     90101305192
 139 164 190 203 209 210 203 186 161 138 121 114                     90101305201
 118 134 158 187 205 207 199 186 167 145 124 111                     90101305202
 111 128 157 187 206 212 211 202 179 149 120  97                     90101305211
  87  91 111 145 181 203 208 205 194 167 137 111                     90101305212
  95  95 115 149 186 209 218 217 201 169 131  96                     90101305221
  68  54  65  97 142 185 209 217 214 198 166 129                     90101305222
  97  80  84 110 152 194 218 226 221 197 157 112                     90101305231
  70  38  28  48  93 148 190 212 223 222 201 162                     90101305232
 120  87  72  82 116 165 208 229 234 223 189 140                     90101305241
  93  50  20  17  46 101 161 200 221 234 230 201                     90101305242
 156 111  78  67  85 128 181 221 239 242 224 181                     90101305251
 126  75  31   3   8  48 111 169 202 224 236 224                     90101305252
 190 143  99  69  65  90 140 194 227 239 238 214                     90101305261
 167 111  59  16  -5   8  57 122 172 202 224 232                     90101305262
 216 180 136  96  72  76 109 161 209 234 245 241                     90101305271
 211 160 106  57  19   6  27  79 141 185 213 232                     90101305272
 234 212 176 136 102  85  97 135 183 222 241 248                     90101305281
 239 205 157 110  65  33  27  53 105 165 200 218                     90101305282
 228 226 204 168 131 102  92 106 140 183 217 231                     90101305291
 233 221 187 143 102  65  41  43  70 118 167 197                     90101305292
 210 216 211 190 157 123  99  92 106 136 173 204                     90101305301
 217 214 198 168 131  98  69  52  59  86 128 167                     90101305302
 189 199 202 197 178 150 120 100  95 109 134 165                     90101305311
 194 207 203 190 166 136 109  87  75  82 106 141                     90101305312
 175 192 196 198 194 177 151 126 107 101 109 130                     90101306011
 156 183 198 197 186 169 146 124 106  97 101 120                     90101306012
 148 175 189 195 199 195 179 152 127 107  97 101                     90101306021
 116 140 171 190 189 181 170 152 131 113 104 106                     90101306022
 119 144 170 184 191 193 189 173 145 119  97  84                     90101306031
  85  99 125 156 179 187 184 176 159 138 118 106                     90101306032
 107 120 143 170 188 195 196 189 168 138 109  84                     90101306041
  68  69  88 120 157 182 191 190 183 165 140 116                     90101306042
 101 101 118 144 174 196 203 201 191 167 133 100                     90101306051
  73  57  61  87 126 166 188 197 198 188 168 140                     90101306052
 114  99 102 122 152 186 207 214 211 193 159 121                     90101306061
  87  59  47  59  94 142 182 201 208 207 192 166                     90101306062
 133 105  94 104 132 167 201 218 220 211 185 145                     90101306071
 105  69  44  42  66 112 163 196 210 215 211 189                     90101306072
 155 121  98  95 113 147 187 216 228 228 212 176                     90101306081
 132  91  57  38  46  83 137 186 211 221 223 210                     90101306082
 180 146 116  99 105 134 173 210 230 236 231 208                     90101306091
 164 119  80  51  43  63 108 162 199 217 225 221                     90101306092
 200 167 132 105  99 117 150 191 222 234 235 222                     90101306101
 188 144 102  66  43  48  83 136 185 211 223 226                     90101306102
 213 185 151 118  98 102 129 168 206 227 232 227                     90101306111
 204 165 123  85  55  45  65 108 160 198 216 224                     90101306112
 220 200 168 134 106  97 112 144 184 216 229 229                     90101306121
 217 188 148 108  71  49  53  82 131 179 207 217                     90101306122
 218 208 182 150 120 101 101 121 153 189 215 223                     90101306131
 217 197 163 126  92  63  50  62  99 148 187 205                     90101306132
 210 207 190 162 131 105  93 100 122 153 188 209                     90101306141
 212 201 179 147 114  86  67  63  81 118 163 194                     90101306142
 205 205 197 180 153 125 103  96 105 128 157 188                     90101306151
 205 203 189 167 139 113  89  75  77  99 135 172                     90101306152
 195 203 202 193 173 147 122 105 102 113 132 156                     90101306161
 183 199 198 186 167 144 121 103  93  99 120 151                     90101306162
 181 197 201 200 194 178 152 127 110 105 112 128                     90101306171
 150 175 196 202 193 177 158 139 121 112 116 133                     90101306172
 158 186 204 209 208 200 181 155 130 111 101 104                     90101306181
 119 142 173 198 203 198 191 175 153 133 122 122                     90101306182
 135 160 189 211 223 223 211 187 158 131 107  90                     90101306191
  87 101 128 165 196 208 206 198 184 160 134 116                     90101306192
 111 125 151 182 208 220 219 207 181 146 111  80                     90101306201
  62  61  80 117 159 189 203 209 205 186 157 127                     90101306202
 105  99 115 145 182 212 224 223 209 177 137  98                     90101306211
  63  41  40  65 115 166 196 212 219 213 190 157                     90101306212
 123  97  94 114 151 194 224 235 234 218 180 134                     90101306221
  89  49  27  32  66 123 177 207 226 237 228 198                     90101306222
 156 118  93  91 115 157 205 235 245 244 221 175                     90101306231
 124  75  33  13  23  66 130 185 216 236 243 228                     90101306232
 194 151 112  87  90 120 168 215 243 254 251 222                     90101306241
 172 118  67  26   9  26  77 143 194 222 240 245                     90101306242
 225 185 138  99  80  89 123 175 223 247 254 245                     90101306251
 211 159 107  59  22  13  38  95 158 203 229 245                     90101306252
 242 217 180 139 105  93 109 148 197 234 251 259                     90101306261
 248 210 157 105  60  32  31  61 115 174 213 230                     90101306262
 237 230 201 160 119  90  84 103 141 188 225 242                     90101306271
 244 227 191 146 101  65  47  55  88 141 190 217                     90101306272
 227 231 219 189 150 115  93  93 113 149 190 220                     90101306281
 229 228 211 174 135 101  75  66  80 113 159 196                     90101306282
 213 219 217 201 172 139 111  95  96 113 144 181                     90101306291
 207 213 206 189 158 128 105  90  87 103 135 171                     90101306292
 199 209 209 202 186 162 133 108  97 101 116 141                     90101306301
 172 195 200 194 181 159 136 117 108 112 129 154                     90101306302
 181 200 207 208 200 183 159 136 117 108 107 117                     90101307011
 138 166 191 196 188 178 166 151 135 126 130 144                     90101307012
 164 185 200 203 201 198 186 162 139 120 107 105                     90101307021
 115 135 162 187 195 192 188 182 169 156 147 146                     90101307022
 156 172 189 203 209 211 207 193 172 148 126 113                     90101307031
 108 110 130 159 191 211 208 196 189 176 163 151                     90101307032
 145 151 166 183 204 219 220 211 195 170 143 116                     90101307041
  95  89  99 123 158 192 209 209 207 202 183 159                     90101307042
 140 134 143 162 185 210 228 231 218 192 161 131                     90101307051
 103  85  83  99 130 170 203 216 218 216 201 175                     90101307052
 149 130 125 135 158 188 216 233 231 210 179 145                     90101307061
 110  79  58  58  85 128 175 205 213 214 204 181                     90101307062
 152 125 108 109 130 162 196 221 229 221 197 162                     90101307071
 123  83  53  42  57  94 143 187 207 211 209 192                     90101307072
 162 129 103  93 105 133 170 206 225 225 211 181                     90101307081
 142 102  65  41  42  69 117 169 201 215 219 208                     90101307082
 181 145 111  89  89 112 148 190 220 231 227 205                     90101307091
 167 126  86  51  37  52  92 146 192 216 225 221                     90101307092
 203 169 131 101  87  98 129 169 210 233 236 225                     90101307101
 196 153 112  72  45  44  70 119 175 212 227 229                     90101307102
 218 190 149 112  89  87 107 143 187 221 234 231                     90101307111
 214 177 134  94  60  44  55  94 149 197 221 229                     90101307112
 225 205 169 129  98  84  93 122 161 202 227 232                     90101307121
 222 197 159 120  82  56  53  77 122 175 213 226                     90101307122
 226 217 189 150 115  92  86 102 134 173 209 225                     90101307131
 224 209 180 142 105  74  58  66  97 144 189 213                     90101307132
 220 216 199 167 131 102  86  88 108 139 175 205                     90101307141
 216 209 191 164 132 102  79  73  87 120 162 197                     90101307142
 214 215 208 189 158 127 101  86  89 110 140 173                     90101307151
 201 210 202 185 158 131 108  91  88 104 135 171                     90101307152
 202 213 212 201 180 150 120  97  85  89 106 132                     90101307161
 163 192 204 195 179 161 140 121 108 108 122 147                     90101307162
 177 202 211 206 195 174 147 122 101  88  88 100                     90101307171
 123 152 183 196 193 186 174 154 136 124 123 133                     90101307172
 153 177 200 211 211 199 180 156 129 103  85  80                     90101307181
  89 110 139 174 196 199 194 186 170 149 130 122                     90101307182
 128 144 167 191 209 215 206 186 160 130 100  74                     90101307191
  63  68  90 124 165 192 200 202 199 182 155 131                     90101307192
 118 120 135 161 192 215 223 217 196 165 129  92                     90101307201
  60  45  52  81 125 172 201 213 220 214 191 159                     90101307202
 127 107 107 125 158 197 227 239 233 208 171 128                     90101307211
  84  47  28  36  72 128 182 212 227 233 221 191                     90101307212
 151 114  93  95 121 164 209 239 248 240 213 169                     90101307221
 120  70  30  15  31  78 142 194 221 238 243 225                     90101307222
 185 139 100  79  85 121 175 224 251 259 250 217                     90101307231
 167 114  65  28  19  44 101 167 212 237 252 250                     90101307232
 221 174 127  91  76  92 137 194 239 260 265 253                     90101307241
 213 162 110  60  27  28  64 127 191 229 248 255                     90101307242
 244 208 158 113  80  73  98 147 205 247 263 263                     90101307251
 243 199 146  96  52  32  47  91 154 209 235 246                     90101307252
 247 227 185 137  97  72  74 106 157 211 244 253                     90101307261
 248 224 180 132  88  55  50  76 125 182 222 238                     90101307262
 243 235 207 164 124  91  73  83 119 167 213 237                     90101307271
 240 230 204 164 123  89  70  77 110 157 203 229                     90101307272
 236 234 220 187 149 116  91  84 100 134 177 213                     90101307281
 228 224 211 187 154 125 103  94 107 138 178 212                     90101307282
 229 228 221 204 175 144 117  99  97 114 143 178                     90101307291
 208 220 213 199 179 157 136 122 123 139 166 196                     90101307292
 221 229 223 212 195 171 147 125 110 110 125 147                     90101307301
 172 198 210 203 190 181 166 152 144 147 161 181                     90101307302
 202 217 220 213 203 190 174 155 136 124 123 131                     90101307311
 147 165 188 201 199 190 184 177 169 161 161 169                     90101307312
 180 192 202 205 207 201 189 175 156 137 123 116                     90101308011
 118 130 147 169 188 197 196 188 179 170 159 152                     90101308012
 153 161 171 182 193 202 201 193 176 151 125 105                     90101308021
  95  96 110 133 160 188 199 196 191 182 167 152                     90101308022
 140 139 147 162 181 198 210 210 195 173 147 118                     90101308031
  93  81  86 106 136 174 202 209 207 202 188 166                     90101308032
 144 131 132 147 170 195 217 231 226 205 176 146                     90101308041
 113  85  75  87 116 157 199 221 224 220 209 185                     90101308042
 157 133 122 130 151 180 211 235 243 230 201 167                     90101308051
 130  95  71  66  85 126 177 217 232 231 223 201                     90101308052
 166 134 113 107 122 152 191 227 245 242 221 186                     90101308061
 147 106  69  50  60  96 146 198 227 233 230 216                     90101308062
 183 146 113  92  95 123 165 209 239 246 235 208                     90101308071
 169 126  84  53  46  70 119 178 221 239 242 232                     90101308072
 202 160 122  95  85 101 141 191 232 251 250 233                     90101308081
 198 153 108  68  45  54  93 152 207 238 247 243                     90101308082
 220 180 138 102  79  81 112 160 211 244 253 244                     90101308091
 218 176 131  89  56  49  76 127 185 227 245 247                     90101308092
 235 202 157 116  83  70  88 130 180 223 244 245                     90101308101
 230 198 156 112  72  50  60 101 159 210 236 243                     90101308102
 238 216 177 133  96  72  72 101 146 193 226 237                     90101308111
 231 213 178 137  99  69  63  88 133 184 222 236                     90101308112
 235 223 195 154 115  84  69  79 111 154 197 222                     90101308121
 225 215 195 161 126  97  79  83 112 155 199 226                     90101308122
 233 226 208 177 140 108  83  77  93 123 161 198                     90101308131
 216 214 201 182 155 128 106  98 109 138 173 206                     90101308132
 224 225 215 196 167 136 107  86  84  99 125 156                     90101308141
 188 204 200 189 177 159 140 125 121 131 153 178                     90101308142
 203 216 216 206 189 166 141 115  96  91 101 120                     90101308151
 144 174 193 193 187 183 175 159 145 140 146 159                     90101308152
 176 194 207 211 205 193 175 153 129 108  98 100                     90101308161
 111 132 162 187 195 198 201 197 183 165 151 149                     90101308162
 157 173 191 207 218 220 212 195 170 143 117  98                     90101308171
  93 101 124 157 188 204 213 220 217 201 177 155                     90101308172
 143 146 163 185 211 230 235 227 208 179 147 113                     90101308181
  84  73  83 110 151 192 214 226 235 227 202 167                     90101308182
 136 119 121 141 175 213 241 250 241 216 180 140                     90101308191
 100  66  52  64 103 157 204 229 241 246 231 196                     90101308192
 153 116  95  99 129 177 226 255 262 252 222 177                     90101308201
 130  84  49  40  63 114 175 221 242 252 250 223                     90101308202
 177 130  92  75  88 131 188 237 261 266 254 217                     90101308211
 166 115  68  36  35  70 132 194 231 248 254 241                     90101308212
 202 151 104  69  59  87 141 201 243 260 264 248                     90101308221
 205 151  99  54  32  49  97 162 215 242 254 254                     90101308222
 228 180 129  86  58  63 101 161 218 251 262 259                     90101308231
 235 189 139  94  57  49  77 131 192 233 248 253                     90101308232
 245 211 161 114  75  56  74 120 179 230 253 257                     90101308241
 249 217 170 125  85  63  71 110 165 215 243 253                     90101308242
 250 229 188 144 106  77  72  98 143 196 234 247                     90101308251
 244 228 194 154 119  91  84 106 149 199 235 247                     90101308252
 244 232 206 167 129  96  79  86 115 158 202 228                     90101308261
 234 226 207 176 144 119 104 109 135 171 209 234                     90101308262
 239 229 210 180 149 118  93  85  98 125 162 199                     90101308271
 219 216 203 185 163 141 126 123 135 157 185 209                     90101308272
 225 223 209 190 167 144 120 103  99 111 133 159                     90101308281
 188 202 197 184 174 162 150 141 143 155 171 187                     90101308282
 202 208 206 196 183 167 150 133 119 116 124 139                     90101308291
 157 179 195 197 192 185 178 172 166 165 171 181                     90101308292
 190 195 200 203 201 195 185 169 152 137 128 129                     90101308301
 137 149 166 183 194 196 193 190 185 177 171 170                     90101308302
 174 180 188 197 208 208 202 193 178 162 146 133                     90101308311
 129 131 143 164 189 203 202 198 198 187 171 158                     90101308312
 151 153 162 175 190 201 207 206 193 171 148 123                     90101309011
 104 100 113 135 162 190 204 206 203 194 179 159                     90101309012
 139 131 135 150 171 195 215 221 209 187 159 130                     90101309021
 102  83  82  99 130 170 203 214 212 205 188 161                     90101309022
 135 116 111 123 149 181 213 229 226 209 180 147                     90101309031
 114  81  64  69  97 145 192 215 217 211 198 173                     90101309032
 139 111  94  95 118 158 204 230 233 230 209 167                     90101309041
 122  82  54  50  69 113 169 209 222 222 211 183                     90101309042
 140 102  75  66  82 119 168 209 229 232 220 189                     90101309051
 145 102  64  41  46  81 136 190 221 229 224 204                     90101309052
 164 118  80  56  55  85 137 189 221 233 233 215                     90101309061
 174 127  84  50  39  61 111 170 212 230 235 224                     90101309062
 190 142  97  62  47  63 109 165 209 231 240 235                     90101309071
 206 159 112  73  47  52  90 147 201 231 240 236                     90101309072
 213 168 120  80  52  48  77 129 185 221 234 236                     90101309081
 222 186 139  98  65  53  74 123 180 219 235 239                     90101309082
 227 193 146 102  67  48  59 100 154 199 221 230                     90101309091
 229 209 171 129  93  73  76 108 158 203 226 234                     90101309092
 231 211 171 127  89  62  55  77 120 169 203 217                     90101309101
 221 215 192 158 123  97  88 103 138 182 214 227                     90101309102
 229 222 195 157 120  88  67  68  91 129 172 201                     90101309111
 209 208 199 179 151 124 107 107 125 155 190 215                     90101309112
 224 219 204 178 147 116  90  75  78  97 128 166                     90101309121
 194 200 193 185 171 152 134 123 125 139 160 183                     90101309122
 204 211 206 193 173 148 123 100  86  86 100 122                     90101309131
 152 181 188 184 182 179 169 154 141 137 143 158                     90101309132
 175 190 201 205 199 182 162 142 121 104  97 101                     90101309141
 113 136 163 181 189 193 192 185 170 154 142 140                     90101309142
 149 163 179 197 211 211 201 183 160 135 111  95                     90101309151
  91 100 123 156 186 198 203 206 199 181 154 131                     90101309152
 121 125 140 162 188 213 225 217 192 159 124  93                     90101309161
  68  58  69 100 144 181 199 208 211 197 168 133                     90101309162
 102  87  93 119 157 196 221 229 224 200 159 120                     90101309171
  84  56  49  69 111 161 197 215 226 223 198 157                     90101309172
 114  80  66  78 114 163 206 228 234 227 197 152                     90101309181
 106  66  39  39  70 124 179 213 228 232 219 181                     90101309182
 131  86  54  46  71 121 177 214 233 240 228 191                     90101309191
 139  92  56  39  53  97 156 203 228 240 237 210                     90101309192
 162 111  68  43  46  84 142 196 227 242 245 223                     90101309201
 178 128  84  53  48  75 129 187 225 241 245 233                     90101309202
 193 141  94  57  41  60 109 170 215 237 247 242                     90101309211
 210 161 115  79  60  71 113 171 217 238 247 244                     90101309212
 217 169 121  78  48  46  77 131 187 220 234 237                     90101309221
 223 187 142 104  78  73  96 141 192 223 235 237                     90101309222
 223 187 142  99  65  49  60  98 151 194 216 225                     90101309231
 223 203 169 131 101  87  99 131 175 211 229 233                     90101309232
 229 208 169 129  93  68  66  88 129 177 210 222                     90101309241
 224 215 192 160 130 111 111 130 162 200 228 237                     90101309242
 231 216 188 154 123  96  83  89 113 148 188 213                     90101309251
 215 209 196 174 149 128 121 128 147 171 197 215                     90101309252
 217 205 185 159 133 109  91  83  91 111 143 179                     90101309261
 197 193 181 170 157 143 131 129 139 156 174 190                     90101309262
 200 197 185 169 151 134 117 105 102 109 124 147                     90101309271
 172 183 177 172 173 163 155 150 148 152 161 171                     90101309272
 180 185 187 183 174 162 147 133 122 116 118 128                     90101309281
 144 165 178 178 177 178 178 171 163 156 154 156                     90101309282
 162 170 179 184 185 183 175 161 146 133 125 123                     90101309291
 127 139 156 176 184 186 190 189 180 166 152 143                     90101309292
 143 150 160 173 188 200 200 188 171 152 132 116                     90101309301
 109 113 127 151 179 195 200 200 193 177 157 138                     90101309302
 126 124 132 150 174 201 213 208 193 169 142 119                     90101310011
  99  90 100 127 163 194 209 213 209 196 170 139                     90101310012
 114 102 106 127 159 196 220 225 220 204 173 138                     90101310021
 108  85  80 100 140 185 216 229 231 222 195 158                     90101310022
 123  96  86  98 131 176 214 232 235 225 196 155                     90101310031
 114  80  61  68 102 154 201 226 233 228 206 167                     90101310032
 123  86  64  64  90 138 189 221 233 234 219 182                     90101310041
 136  95  65  56  79 129 184 219 235 239 226 190                     90101310042
 142  98  63  48  63 106 163 207 228 238 236 212                     90101310051
 167 119  80  58  63 100 157 208 235 245 241 215                     90101310052
 169 119  77  47  43  73 128 188 225 243 251 241                     90101310061
 204 153 105  70  59  79 129 186 224 240 245 233                     90101310062
 194 141  93  53  32  44  88 147 194 222 244 247                     90101310071
 229 185 135  95  74  75 108 160 210 238 248 246                     90101310072
 222 177 127  84  52  44  68 119 179 217 235 245                     90101310081
 242 217 179 140 107  95 115 159 210 245 258 263                     90101310082
 255 221 174 131  89  58  55  83 131 187 225 237                     90101310091
 235 225 200 165 133 111 106 124 159 203 235 244                     90101310092
 239 221 187 147 109  76  60  68  99 145 190 214                     90101310101
 218 217 211 191 161 134 118 122 143 173 205 225                     90101310102
 229 222 205 176 145 115  88  76  85 111 147 186                     90101310111
 206 206 204 201 186 165 145 134 137 152 170 191                     90101310112
 211 221 216 196 170 144 117  92  81  84 101 127                     90101310121
 160 181 183 181 182 177 164 145 130 125 130 143                     90101310122
 159 175 191 196 188 170 149 128 107  92  89  97                     90101310131
 113 137 165 179 183 187 188 177 156 133 117 114                     90101310132
 122 138 159 180 197 200 188 167 144 120 100  89                     90101310141
  90 105 133 166 188 199 206 207 192 165 136 114                     90101310142
 107 115 135 165 198 220 224 215 195 165 134 108                     90101310151
  90  88 107 142 183 211 224 228 222 197 159 125                     90101310152
  97  79  83 109 149 193 220 221 207 181 143 108                     90101310161
  78  57  57  84 131 180 211 223 220 204 170 129                     90101310162
  91  61  50  70 115 168 205 221 224 212 182 141                     90101310171
 102  70  53  65 105 157 196 214 222 220 195 151                     90101310172
 105  64  36  37  73 130 181 209 223 227 210 172                     90101310181
 128  89  61  55  80 129 180 212 226 230 217 178                     90101310182
 127  82  43  23  41  90 150 197 223 236 233 205                     90101310191
 161 116  80  60  68 107 161 209 233 243 238 210                     90101310192
 161 111  69  37  33  65 123 180 216 233 241 231                     90101310201
 200 157 117  89  82 102 145 196 232 247 247 229                     90101310202
 189 141  97  58  38  51  92 152 203 228 237 238                     90101310211
 220 182 139 103  84  91 123 170 214 237 242 235                     90101310212
 207 162 119  79  49  42  65 114 169 203 217 224                     90101310221
 217 192 157 119  91  87 108 147 190 215 224 225                     90101310222
 211 177 133  94  63  46  53  88 138 181 201 211                     90101310231
 213 200 173 143 113  96 105 133 169 203 222 226                     90101310232
 218 196 162 129  99  75  67  82 118 164 198 211                     90101310241
 213 207 191 167 143 123 119 132 158 188 212 221                     90101310242
 218 203 177 149 122  98  81  81 101 136 177 205                     90101310251
 207 199 191 176 157 138 125 127 142 163 187 205                     90101310252
 212 205 186 160 137 117 100  90  95 113 142 175                     90101310261
 195 193 186 180 170 157 142 133 136 147 161 175                     90101310262
 186 192 189 174 156 138 121 106  99 104 119 141                     90101310271
 168 183 181 178 175 168 157 143 133 131 136 145                     90101310272
 155 165 175 178 171 157 144 131 117 107 106 113                     90101310281
 128 148 169 178 178 177 176 167 151 137 127 125                     90101310282
 128 137 151 166 180 184 177 161 143 128 115 107                     90101310291
 110 124 144 167 183 188 189 186 173 151 129 114                     90101310292
 109 116 131 153 179 197 198 189 173 150 128 109                     90101310301
 100 106 126 156 185 199 204 203 192 169 139 112                     90101310302
  94  92 106 133 168 196 206 206 197 174 143 116                     90101310311
  95  87  97 127 165 194 208 215 211 188 153 117                     90101310312
  87  69  70  95 136 179 206 215 214 201 171 135                     90101311011
 103  79  73  94 136 182 212 224 225 209 173 129                     90101311012
  90  57  41  54  93 147 191 214 223 222 200 161                     90101311021
 120  86  65  70 104 155 202 227 235 229 203 156                     90101311022
 108  66  34  28  57 112 171 210 229 238 231 201                     90101311031
 155 112  78  64  83 132 187 226 243 246 232 192                     90101311032
 138  89  46  21  29  70 132 188 218 234 241 227                     90101311041
 187 138  95  65  61  91 147 201 231 240 237 211                     90101311042
 161 108  58  17   1  22  76 141 187 211 226 229                     90101311051
 209 167 120  82  62  71 113 170 214 233 238 229                     90101311052
 194 142  91  45  11   7  40 100 160 195 215 229                     90101311061
 226 200 159 117  86  77  97 142 193 227 240 240                     90101311062
 223 183 136  90  48  23  27  63 119 171 201 215                     90101311071
 221 211 183 146 113  90  88 112 153 199 230 240                     90101311072
 231 206 167 127  85  50  33  43  76 127 175 199                     90101311081
 205 205 197 172 139 111  94  95 117 149 184 208                     90101311082
 213 204 182 148 115  81  52  41  53  86 131 167                     90101311091
 182 188 192 185 167 141 117 105 110 130 157 183                     90101311092
 202 206 201 187 165 139 112  90  79  90 115 148                     90101311101
 182 199 197 197 194 179 157 135 117 110 115 133                     90101311102
 155 175 186 186 176 159 136 110  87  75  79  97                     90101311111
 123 153 175 180 181 181 173 153 128 108  98  99                     90101311112
 113 135 159 181 192 187 169 148 129 110  93  87                     90101311121
  97 117 144 172 188 191 189 180 156 125  98  79                     90101311122
  75  88 114 146 176 191 188 176 156 130 106  87                     90101311131
  79  88 111 143 175 194 199 194 177 146 112  82                     90101311132
  60  56  74 108 150 183 195 194 184 162 132 103                     90101311141
  82  75  88 119 159 190 204 209 205 181 142 103                     90101311142
  67  43  45  74 118 164 194 205 204 192 164 129                     90101311151
  98  76  71  90 129 172 203 216 217 202 167 123                     90101311152
  82  47  28  40  80 135 180 203 213 214 198 163                     90101311161
 124  91  72  78 109 155 198 220 227 222 196 151                     90101311162
 107  66  33  25  52 106 161 196 213 223 220 195                     90101311171
 156 115  83  73  91 130 179 219 236 234 215 175                     90101311172
 127  83  42  17  25  62 119 174 206 218 223 208                     90101311181
 171 128  91  69  71 100 149 198 228 237 229 198                     90101311182
 154 108  61  22   6  25  75 136 188 213 217 211                     90101311191
 189 148 109  78  64  77 115 164 205 226 225 208                     90101311192
 171 127  83  42  15  17  49 102 159 196 206 206                     90101311201
 197 166 125  91  67  65  89 132 176 206 216 207                     90101311202
 181 142  99  58  24   9  25  67 123 167 189 195                     90101311211
 192 173 141 106  79  67  77 108 149 186 205 203                     90101311212
 187 157 119  83  49  25  26  53  99 148 177 186                     90101311221
 187 180 157 123  93  73  73  93 127 162 186 192                     90101311222
 185 167 137 104  74  47  35  47  80 125 161 178                     90101311231
 183 184 173 149 121  97  87  95 119 147 172 188                     90101311232
 188 177 159 132 104  79  58  56  74 106 145 172                     90101311241
 179 181 180 169 151 130 111 107 120 140 159 177                     90101311242
 192 197 188 171 150 125 102  91  94 110 132 160                     90101311251
 183 190 185 179 170 155 137 122 116 116 122 135                     90101311252
 148 161 166 159 144 125 106  91  81  82  94 113                     90101311261
 137 162 171 167 162 157 144 125 109 101 100 106                     90101311262
 121 138 154 164 165 154 137 123 110  99  95 106                     90101311271
 129 157 176 183 184 180 169 150 129 105  85  78                     90101311272
  81  92 111 137 163 171 162 146 127 107  90  80                     90101311281
  83 103 131 161 178 182 180 170 149 121  94  74                     90101311282
  65  73  95 124 156 178 181 173 160 137 111  90                     90101311291
  78  81 103 135 168 193 199 193 174 142 108  76                     90101311292
  49  41  56  91 135 170 185 190 187 171 142 108                     90101311301
  81  69  79 109 152 188 205 208 200 174 134  93                     90101311302
  56  29  26  51  99 148 179 195 205 200 175 137                     90101312011
 100  72  63  80 120 166 197 211 215 202 165 117                     90101312012
  71  30   6  13  51 109 160 188 207 218 208 176                     90101312021
 132  91  63  59  86 136 185 215 227 226 202 155                     90101312022
 102  53  12  -8   8  58 122 169 197 219 226 207                     90101312031
 167 122  81  58  63  98 152 200 225 234 227 193                     90101312032
 139  85  35  -4 -15  10  67 133 178 203 219 219                     90101312041
 195 151 104  65  47  61 104 161 204 223 228 215                     90101312042
 173 119  66  17 -16 -18  15  79 144 183 205 218                     90101312051
 213 185 140  95  61  52  73 120 174 213 229 230                     90101312052
 210 166 114  64  19  -6   1  42 105 162 194 209                     90101312061
 216 206 173 130  91  65  62  87 132 179 208 219                     90101312062
 216 192 149 102  58  21   3  15  56 114 161 185                     90101312071
 196 198 184 151 114  81  60  62  88 129 171 196                     90101312072
 203 196 170 131  93  57  29  21  39  80 131 166                     90101312081
 181 188 189 176 148 115  87  73  78  99 130 163                     90101312082
 185 191 185 165 134 104  76  54  51  73 111 150                     90101312091
 175 186 194 195 181 158 133 111 101 105 123 149                     90101312092
 173 192 200 190 172 153 127 100  79  74  90 116                     90101312101
 146 172 181 180 180 175 157 130 105  90  88  98                     90101312102
 120 148 173 185 185 176 160 139 117 10599999999                     90101312111
999999999999 183 185 184 177 158 130 102  76  64                     90101312112
  70  90 117 145 167 176 169 153 134 114  96  87                     90101312121
  91 110 138 162 178 185 184 174 154 127  96  71                     90101312122
  59  67  90 124 160 185 193 188 174 154 128 103                     90101312131
  87  84  97 123 153 179 191 188 169 141 108  73                     90101312132
  45  33  44  74 115 152 175 180 176 163 141 112                     90101312141
  87  73  75  95 129 164 189 197 188 165 132  94                     90101312142
  55  26  17  34  74 123 161 181 186 181 165 136                     90101312151
 103  77  66  74 102 140 174 194 196 181 151 112                     90101312152
  70  33  10  11  41  89 135 166 182 188 181 158                     90101312161
 126  92  71  69  90 127 165 192 203 199 179 144                     90101312162
 102  58  21   5  20  64 117 158 183 194 195 181                     90101312171
 153 117  82  65  75 109 150 182 201 207 196 169                     90101312172
 129  85  44  15  11  41  93 142 175 195 204 198                     90101312181
 176 142 103  73  67  92 135 175 203 214 211 190                     90101312182
 154 112  69  35  17  28  69 123 168 195 206 204                     90101312191
 188 157 119  84  66  71 100 144 186 212 218 205                     90101312192
 178 140  98  56  26  22  48  95 148 190 210 210                     90101312201
 199 177 142 103  73  65  84 124 169 202 216 212                     90101312202
 193 161 121  78  41  22  31  70 121 163 189 201                     90101312211
 201 186 156 120  89  72  75  98 137 174 196 202                     90101312212
 193 170 135  97  64  39  33  52  95 141 174 191                     90101312221
 197 191 170 139 106  83  75  88 117 153 179 192                     90101312222
 192 179 155 124  91  63  46  50  80 123 161 183                     90101312231
 193 193 183 160 130 101  84  84 101 129 158 180                     90101312232
 192 187 171 147 119  91  68  58  68  99 137 166                     90101312241
 182 187 183 170 147 119  96  84  87 102 124 147                     90101312242
 167 173 167 151 131 110  89  75  71  84 113 143                     90101312251
 165 177 182 179 166 146 121 101  90  91 104 124                     90101312252
 148 168 176 172 161 146 128 109  97  98 112 136                     90101312261
 160 177 186 189 185 171 151 127 107  95  92  98                     90101312262
 114 137 160 175 179 172 159 140 119 102  95 102                     90101312271
 122 147 169 181 183 177 164 145 121  97  77  67                     90101312272
  71  88 114 143 166 175 172 160 143 122 103  92                     90101312281
  95 114 142 166 182 187 182 168 146 117  86  61                     90101312282
  48  54  78 113 145 167 177 178 171 154 129 102                     90101312291
  87  90 110 139 168 187 195 192 176 148 112  73                     90101312292
  41  26  35  67 112 151 177 191 195 187 165 133                     90101312301
 100  81  82 107 146 183 207 216 212 190 152 108                     90101312302
  65  30  14  28  70 121 162 189 206 212 200 171                     90101312311
 131  94  73  78 111 158 198 223 232 224 195 151                     90101312312
