999999999999999999999999999999999999999999999999                     90101101011
999999999999999999999999999999999999999999999999                     90101101012
999999999999999999999999999999999999999999999999                     90101101021
999999999999999999999999999999999999999999999999                     90101101022
999999999999999999999999999999999999999999999999                     90101101031
999999999999999999999999999999999999999999999999                     90101101032
999999999999999999999999999999999999999999999999                     90101101041
999999999999999999999999999999999999999999999999                     90101101042
999999999999999999999999999999999999999999999999                     90101101051
999999999999999999999999999999999999999999999999                     90101101052
999999999999999999999999999999999999999999999999                     90101101061
999999999999999999999999999999999999999999999999                     90101101062
999999999999999999999999999999999999999999999999                     90101101071
999999999999999999999999999999999999999999999999                     90101101072
999999999999999999999999999999999999999999999999                     90101101081
999999999999999999999999999999999999999999999999                     90101101082
999999999999999999999999999999999999999999999999                     90101101091
999999999999999999999999999999999999999999999999                     90101101092
999999999999999999999999999999999999999999999999                     90101101101
999999999999999999999999999999999999999999999999                     90101101102
999999999999999999999999999999999999999999999999                     90101101111
999999999999999999999999999999999999999999999999                     90101101112
999999999999999999999999999999999999999999999999                     90101101121
999999999999999999999999999999999999999999999999                     90101101122
999999999999999999999999999999999999999999999999                     90101101131
999999999999999999999999999999999999999999999999                     90101101132
999999999999999999999999999999999999999999999999                     90101101141
999999999999999999999999999999999999999999999999                     90101101142
999999999999999999999999999999999999999999999999                     90101101151
999999999999999999999999999999999999999999999999                     90101101152
999999999999999999999999999999999999999999999999                     90101101161
999999999999999999999999999999999999999999999999                     90101101162
999999999999999999999999999999999999999999999999                     90101101171
999999999999999999999999999999999999999999999999                     90101101172
999999999999999999999999999999999999999999999999                     90101101181
999999999999999999999999999999999999999999999999                     90101101182
999999999999999999999999999999999999999999999999                     90101101191
999999999999999999999999999999999999999999999999                     90101101192
999999999999999999999999999999999999999999999999                     90101101201
999999999999999999999999999999999999999999999999                     90101101202
999999999999999999999999999999999999999999999999                     90101101211
999999999999999999999999999999999999999999999999                     90101101212
999999999999999999999999999999999999999999999999                     90101101221
999999999999999999999999999999999999999999999999                     90101101222
999999999999999999999999999999999999999999999999                     90101101231
999999999999999999999999999999999999999999999999                     90101101232
999999999999999999999999999999999999999999999999                     90101101241
999999999999999999999999999999999999999999999999                     90101101242
999999999999999999999999999999999999999999999999                     90101101251
999999999999999999999999999999999999999999999999                     90101101252
999999999999999999999999999999999999999999999999                     90101101261
999999999999999999999999999999999999999999999999                     90101101262
999999999999999999999999999999999999999999999999                     90101101271
999999999999999999999999999999999999999999999999                     90101101272
999999999999999999999999999999999999999999999999                     90101101281
999999999999999999999999999999999999999999999999                     90101101282
999999999999999999999999999999999999999999999999                     90101101291
999999999999999999999999999999999999999999999999                     90101101292
999999999999999999999999999999999999999999999999                     90101101301
999999999999999999999999999999999999999999999999                     90101101302
999999999999999999999999999999999999999999999999                     90101101311
999999999999999999999999999999999999999999999999                     90101101312
999999999999999999999999999999999999999999999999                     90101102011
999999999999999999999999999999999999999999999999                     90101102012
999999999999999999999999999999999999999999999999                     90101102021
999999999999999999999999999999999999999999999999                     90101102022
999999999999999999999999999999999999999999999999                     90101102031
999999999999999999999999999999999999999999999999                     90101102032
999999999999999999999999999999999999999999999999                     90101102041
999999999999999999999999999999999999999999999999                     90101102042
999999999999999999999999999999999999999999999999                     90101102051
999999999999999999999999999999999999999999999999                     90101102052
999999999999999999999999999999999999999999999999                     90101102061
999999999999999999999999999999999999999999999999                     90101102062
999999999999999999999999999999999999999999999999                     90101102071
999999999999999999999999999999999999999999999999                     90101102072
999999999999999999999999999999999999999999999999                     90101102081
999999999999999999999999999999999999999999999999                     90101102082
999999999999999999999999999999999999999999999999                     90101102091
999999999999999999999999999999999999999999999999                     90101102092
999999999999999999999999999999999999999999999999                     90101102101
999999999999999999999999999999999999999999999999                     90101102102
999999999999999999999999999999999999999999999999                     90101102111
999999999999999999999999999999999999999999999999                     90101102112
999999999999999999999999999999999999999999999999                     90101102121
999999999999999999999999999999999999999999999999                     90101102122
999999999999999999999999999999999999999999999999                     90101102131
999999999999999999999999999999999999999999999999                     90101102132
999999999999999999999999999999999999999999999999                     90101102141
999999999999999999999999999999999999999999999999                     90101102142
999999999999999999999999999999999999999999999999                     90101102151
999999999999999999999999999999999999999999999999                     90101102152
999999999999999999999999999999999999999999999999                     90101102161
999999999999999999999999999999999999999999999999                     90101102162
999999999999999999999999999999999999999999999999                     90101102171
999999999999999999999999999999999999999999999999                     90101102172
999999999999999999999999999999999999999999999999                     90101102181
999999999999999999999999999999999999999999999999                     90101102182
999999999999999999999999999999999999999999999999                     90101102191
999999999999999999999999999999999999999999999999                     90101102192
999999999999999999999999999999999999999999999999                     90101102201
999999999999999999999999999999999999999999999999                     90101102202
999999999999999999999999999999999999999999999999                     90101102211
999999999999999999999999999999999999999999999999                     90101102212
999999999999999999999999999999999999999999999999                     90101102221
999999999999999999999999999999999999999999999999                     90101102222
999999999999999999999999999999999999999999999999                     90101102231
999999999999999999999999999999999999999999999999                     90101102232
999999999999999999999999999999999999999999999999                     90101102241
999999999999999999999999999999999999999999999999                     90101102242
999999999999999999999999999999999999999999999999                     90101102251
999999999999999999999999999999999999999999999999                     90101102252
999999999999999999999999999999999999999999999999                     90101102261
999999999999999999999999999999999999999999999999                     90101102262
999999999999999999999999999999999999999999999999                     90101102271
999999999999999999999999999999999999999999999999                     90101102272
999999999999999999999999999999999999999999999999                     90101102281
999999999999999999999999999999999999999999999999                     90101102282
999999999999999999999999999999999999999999999999                     90101103011
999999999999999999999999999999999999999999999999                     90101103012
999999999999999999999999999999999999999999999999                     90101103021
999999999999999999999999999999999999999999999999                     90101103022
999999999999999999999999999999999999999999999999                     90101103031
999999999999999999999999999999999999999999999999                     90101103032
999999999999999999999999999999999999999999999999                     90101103041
999999999999999999999999999999999999999999999999                     90101103042
999999999999999999999999999999999999999999999999                     90101103051
999999999999999999999999999999999999999999999999                     90101103052
999999999999999999999999999999999999999999999999                     90101103061
999999999999999999999999999999999999999999999999                     90101103062
999999999999999999999999999999999999999999999999                     90101103071
999999999999999999999999999999999999999999999999                     90101103072
999999999999999999999999999999999999999999999999                     90101103081
999999999999999999999999999999999999999999999999                     90101103082
999999999999999999999999999999999999999999999999                     90101103091
999999999999999999999999999999999999999999999999                     90101103092
999999999999999999999999999999999999999999999999                     90101103101
999999999999999999999999999999999999999999999999                     90101103102
999999999999999999999999999999999999999999999999                     90101103111
999999999999999999999999999999999999999999999999                     90101103112
999999999999999999999999999999999999999999999999                     90101103121
999999999999999999999999999999999999999999999999                     90101103122
999999999999999999999999999999999999999999999999                     90101103131
999999999999999999999999999999999999999999999999                     90101103132
999999999999999999999999999999999999999999999999                     90101103141
999999999999999999999999999999999999999999999999                     90101103142
999999999999999999999999999999999999999999999999                     90101103151
999999999999999999999999999999999999999999999999                     90101103152
999999999999999999999999999999999999999999999999                     90101103161
999999999999999999999999999999999999999999999999                     90101103162
999999999999999999999999999999999999999999999999                     90101103171
999999999999999999999999999999999999999999999999                     90101103172
999999999999999999999999999999999999999999999999                     90101103181
999999999999999999999999999999999999999999999999                     90101103182
999999999999999999999999999999999999999999999999                     90101103191
999999999999999999999999999999999999999999999999                     90101103192
999999999999999999999999999999999999999999999999                     90101103201
999999999999999999999999999999999999999999999999                     90101103202
999999999999999999999999999999999999999999999999                     90101103211
999999999999999999999999999999999999999999999999                     90101103212
999999999999999999999999999999999999999999999999                     90101103221
999999999999999999999999999999999999999999999999                     90101103222
999999999999999999999999999999999999999999999999                     90101103231
999999999999999999999999999999999999999999999999                     90101103232
999999999999999999999999999999999999999999999999                     90101103241
999999999999999999999999999999999999999999999999                     90101103242
999999999999999999999999999999999999999999999999                     90101103251
999999999999999999999999999999999999999999999999                     90101103252
999999999999999999999999999999999999999999999999                     90101103261
999999999999999999999999999999999999999999999999                     90101103262
999999999999999999999999999999999999999999999999                     90101103271
999999999999999999999999999999999999999999999999                     90101103272
999999999999999999999999999999999999999999999999                     90101103281
999999999999999999999999999999999999999999999999                     90101103282
999999999999999999999999999999999999999999999999                     90101103291
999999999999999999999999999999999999999999999999                     90101103292
999999999999999999999999999999999999999999999999                     90101103301
999999999999999999999999999999999999999999999999                     90101103302
999999999999999999999999999999999999999999999999                     90101103311
999999999999999999999999999999999999999999999999                     90101103312
  85  57  43  53  86 127 160 179 187 184 165 133                     90101104011
  95  62  43  47  76 119 157 182 195 193 175 142                     90101104012
 103  68  44  40  62 105 148 179 194 196 182 150                     90101104021
 109  67  37  27  44  85 133 169 190 197 188 160                     90101104022
 121  80  48  33  42  78 125 165 189 198 191 163                     90101104031
 122  77  41  21  25  57 107 151 182 198 198 178                     90101104032
 142  98  59  35  34  59 103 148 180 195 196 177                     90101104041
 139  92  48  17   7  27  73 125 164 187 195 186                     90101104042
 158 117  74  41  30  46  86 132 169 191 197 186                     90101104051
 153 108  62  25   4  10  47 101 147 178 194 194                     90101104052
 175 140  97  61  41  44  73 118 160 187 199 195                     90101104061
 171 130  84  43  14   7  29  75 126 165 187 195                     90101104062
 187 160 123  84  57  50  67 104 147 180 198 201                     90101104071
 186 155 114  71  36  17  23  57 106 151 180 194                     90101104072
 193 179 151 117  86  71  78 106 146 180 203 210                     90101104081
 202 177 142 102  65  37  26  40  77 121 156 176                     90101104082
 183 177 158 132 102  80  73  85 114 147 173 185                     90101104091
 185 170 143 110  76  46  26  27  49  88 125 151                     90101104092
 165 166 157 142 120  98  84  85 101 128 153 171                     90101104101
 178 174 159 136 109  81  58  45  48  69 101 132                     90101104102
 156 165 164 160 150 135 117 105 107 122 143 160                     90101104111
 170 172 166 153 134 112  88  67  54  56  71  95                     90101104112
 120 138 147 151 151 145 135 120 108 103 109 121                     90101104121
 134 146 155 158 153 139 122 103  84  69  62  67                     90101104122
  84 109 132 148 156 159 156 147 132 113  99  94                     90101104131
 100 111 127 146 161 167 159 141 118  93  70  54                     90101104132
  52  67  96 128 152 166 173 170 157 133 105  81                     90101104141
  71  77  96 126 156 179 188 183 165 137 103  70                     90101104142
  47  42  62 101 142 173 192 199 192 168 133  96                     90101104151
  67  53  61  91 134 172 198 210 207 184 147 104                     90101104152
  65  40  38  67 116 164 197 213 213 194 156 108                     90101104161
  62  27  13  28  72 125 167 194 207 203 175 131                     90101104162
  82  40  15  20  60 119 168 199 215 212 184 138                     90101104171
  84  36   4  -1  29  86 144 188 217 231 223 188                     90101104172
 138  85  45  29  48  99 159 204 231 241 227 187                     90101104181
 130  72  24  -6  -5  35 101 163 205 229 236 221                     90101104182
 182 131  79  44  35  64 121 176 214 233 232 207                     90101104191
 160 103  43  -7 -32 -16  37 105 160 196 213 215                     90101104192
 195 155 106  63  38  40  75 131 179 208 219 211                     90101104201
 179 130  74  21 -17 -28   0  57 118 164 191 205                     90101104202
 203 179 141  98  63  49  64 107 155 192 210 213                     90101104211
 198 164 118  67  22  -6  -5  29  84 135 169 188                     90101104212
 195 188 165 132  96  72  69  92 130 169 196 207                     90101104221
 204 185 152 111  70  38  23  33  68 114 153 178                     90101104222
 191 193 184 164 137 109  93  96 117 149 178 197                     90101104231
 203 194 171 138 102  70  46  37  48  79 118 150                     90101104232
 172 178 176 167 152 132 113 103 107 125 148 168                     90101104241
 183 186 178 160 136 110  86  68  64  76 100 129                     90101104242
 152 165 168 168 163 153 138 120 108 109 121 137                     90101104251
 152 164 170 167 154 137 118  99  84  79  87 104                     90101104252
 126 145 158 163 166 165 159 147 129 114 111 119                     90101104261
 133 148 164 176 180 174 159 141 123 107  96  95                     90101104262
 107 126 147 163 173 177 178 172 158 140 122 111                     90101104271
 110 119 135 155 172 181 179 169 152 131 112  98                     90101104272
  94 102 121 145 166 178 181 178 166 145 118  94                     90101104281
  79  78  92 117 146 169 179 175 161 141 118  96                     90101104282
  80  76  88 115 146 170 181 182 174 154 126  95                     90101104291
  69  56  63  89 125 158 179 185 180 166 141 111                     90101104292
  84  69  71  94 130 164 186 195 193 177 149 114                     90101104301
  80  56  49  64 101 144 177 195 199 191 171 141                     90101104302
 109  84  74  86 121 162 193 209 212 201 174 136                     90101105011
  95  59  37  40  70 119 163 192 205 203 187 157                     90101105012
 120  85  63  62  86 127 168 196 206 201 180 144                     90101105021
 100  57  26  15  34  80 132 171 193 201 195 173                     90101105022
 140 101  71  59  71 107 152 188 207 210 197 166                     90101105031
 123  77  36  13  18  54 108 156 188 204 205 192                     90101105032
 162 123  85  63  62  85 127 170 199 211 206 182                     90101105041
 143  97  52  17   5  25  74 129 171 195 205 200                     90101105042
 180 144 103  71  60  74 110 153 187 205 208 195                     90101105051
 163 120  74  33   9  12  46  99 146 179 198 205                     90101105052
 195 167 130  93  70  71  98 140 177 202 213 209                     90101105061
 188 152 110  68  34  19  34  77 128 168 192 204                     90101105062
 204 189 161 126  95  82  93 125 165 195 212 215                     90101105071
 203 177 139  97  59  33  29  53 100 145 177 194                     90101105072
 202 197 178 149 117  94  89 107 139 173 198 208                     90101105081
 205 188 160 125  87  54  36  41  71 114 150 175                     90101105082
 188 192 185 167 142 115  97  98 118 149 175 191                     90101105091
 196 192 178 154 125  94  67  54  62  92 129 159                     90101105092
 178 187 190 185 172 151 126 111 113 131 156 178                     90101105101
 194 200 195 182 163 140 115  90  76  80 103 135                     90101105102
 161 177 185 188 185 174 157 134 116 112 123 143                     90101105111
 163 179 189 190 182 167 147 122  99  84  84 100                     90101105112
 129 157 175 185 190 189 179 161 136 113 102 106                     90101105121
 122 145 169 186 193 189 178 158 133 106  86  79                     90101105122
  91 119 151 176 192 199 197 183 158 126  97  78                     90101105131
  75  89 117 154 185 203 206 196 175 146 113  86                     90101105132
  72  81 111 152 186 206 212 205 183 149 111  74                     90101105141
  48  42  61 100 144 180 200 205 197 175 141 103                     90101105142
  73  59  69 105 150 186 206 211 200 171 130  86                     90101105151
  45  19  17  45  95 144 181 202 211 203 176 136                     90101105152
  94  63  54  73 116 163 198 217 221 205 169 121                     90101105161
  72  32   8  13  51 108 160 196 218 226 215 184                     90101105162
 142  99  71  69  95 141 187 220 235 234 211 167                     90101105171
 113  60  19  -1  13  61 121 171 205 225 230 214                     90101105172
 179 134  92  68  72 105 155 198 225 235 227 196                     90101105181
 149  96  46   9  -3  21  75 134 179 208 223 223                     90101105182
 203 166 122  84  68  82 121 168 205 225 228 214                     90101105191
 180 133  81  35   6   5  39  95 149 186 208 218                     90101105192
 213 188 152 111  82  77  98 139 181 212 226 225                     90101105201
 206 169 123  76  38  18  26  64 117 163 191 207                     90101105202
 211 201 176 143 111  91  94 119 158 193 217 225                     90101105211
 219 195 159 119  81  51  39  53  93 140 177 197                     90101105212
 207 205 192 168 138 110  98 105 131 163 189 205                     90101105221
 208 198 175 142 106  74  53  50  69 107 145 171                     90101105222
 187 191 187 175 155 130 109  99 108 131 157 177                     90101105231
 191 196 186 162 130 100  78  67  70  90 123 153                     90101105232
 173 182 184 178 165 148 128 113 108 115 134 156                     90101105241
 173 183 184 175 158 136 113  96  90  95 112 139                     90101105242
 161 175 180 181 178 169 154 134 117 110 116 131                     90101105251
 150 167 177 179 172 159 142 123 109 102 107 122                     90101105252
 144 162 174 180 181 179 169 154 134 115 105 108                     90101105261
 121 143 162 175 178 174 167 155 140 125 114 115                     90101105262
 129 149 166 178 187 190 186 174 155 132 113 102                     90101105271
 103 115 136 162 183 191 187 177 163 145 128 117                     90101105272
 117 129 151 173 189 197 197 189 172 149 123 101                     90101105281
  88  88 102 129 159 182 192 191 181 165 146 127                     90101105282
 113 113 128 154 179 197 206 205 191 167 137 106                     90101105291
  80  67  73  95 130 167 193 199 191 176 156 131                     90101105292
 108  93  96 114 144 174 195 200 191 172 143 108                     90101105301
  74  48  41  58  97 140 173 191 198 195 180 155                     90101105302
 123  99  92 105 133 166 193 208 209 197 172 137                     90101105311
  97  63  42  45  74 119 161 190 205 210 201 179                     90101105312
 148 117  97  97 116 151 186 213 223 218 196 161                     90101106011
 120  79  47  33  45  84 135 176 201 213 212 197                     90101106012
 168 133 102  88  98 129 168 201 222 227 214 184                     90101106021
 143  97  56  28  23  49 100 151 187 209 216 209                     90101106022
 185 152 116  90  86 107 146 184 213 226 224 205                     90101106031
 170 126  80  42  22  31  70 124 170 200 216 219                     90101106032
 205 176 140 107  91  98 127 166 200 222 230 223                     90101106041
 197 158 112  69  37  26  45  92 145 186 211 222                     90101106042
 218 198 167 130 101  92 108 143 182 212 228 230                     90101106051
 216 186 146 101  62  35  33  62 112 161 195 214                     90101106052
 219 210 187 155 120  96  94 115 150 185 210 222                     90101106061
 220 203 172 134  93  58  39  48  83 133 173 199                     90101106062
 212 215 205 182 150 118  99 101 123 158 190 212                     90101106071
 220 215 198 170 134  99  71  59  70 105 149 182                     90101106072
 203 212 211 198 173 142 113  98 101 121 150 180                     90101106081
 201 209 203 187 161 131 101  79  70  83 115 153                     90101106082
 182 198 205 203 190 166 137 111  97  98 112 137                     90101106091
 166 189 200 198 186 166 140 113  93  85  95 123                     90101106092
 157 183 198 204 201 189 167 139 111  94  89  97                     90101106101
 120 152 180 196 198 191 178 157 132 112 104 111                     90101106102
 135 166 191 206 212 210 196 172 142 113  90  79                     90101106111
  82 104 138 171 192 199 197 186 166 141 117 103                     90101106112
 105 124 155 184 204 213 211 196 168 135 102  75                     90101106121
  60  62  86 126 165 191 203 205 198 178 151 122                     90101106122
 104 105 125 159 192 214 223 219 201 171 133  95                     90101106131
  61  41  46  76 123 167 196 211 215 206 184 152                     90101106132
 119  98  97 118 154 192 219 229 222 199 163 119                     90101106141
  75  40  24  35  73 126 171 201 217 222 211 184                     90101106142
 148 112  92  96 123 165 202 227 235 225 199 158                     90101106151
 110  62  27  15  33  79 134 178 205 221 225 211                     90101106152
 180 141 107  91 100 133 176 212 233 238 225 194                     90101106161
 149  98  51  20  15  42  94 148 188 212 223 219                     90101106162
 198 164 125  93  84 101 139 183 217 234 233 214                     90101106171
 177 130  80  38  14  18  54 111 162 196 215 221                     90101106172
 213 187 151 113  89  88 113 157 200 229 240 232                     90101106181
 208 169 122  76  39  24  39  82 137 183 210 221                     90101106182
 219 202 173 136 103  87  96 126 167 204 227 232                     90101106191
 218 190 151 109  69  41  37  63 110 158 191 208                     90101106192
 214 208 189 160 126 100  93 109 141 179 208 223                     90101106201
 222 206 177 139 100  69  54  61  92 136 175 199                     90101106202
 208 207 196 173 142 111  92  93 113 146 180 205                     90101106211
 213 207 187 159 126  95  73  66  81 116 155 184                     90101106212
 201 205 199 184 160 130 105  94 100 121 149 177                     90101106221
 197 202 194 174 149 122 100  88  91 110 143 171                     90101106222
 193 201 200 192 176 154 129 110 104 111 129 153                     90101106231
 178 196 199 189 171 151 130 113 106 113 133 160                     90101106232
 183 197 201 199 191 175 153 131 116 109 113 127                     90101106241
 147 170 187 191 184 170 154 138 124 118 124 138                     90101106242
 159 178 189 190 185 177 163 143 122 105  94  95                     90101106251
 108 130 155 173 178 173 162 150 137 125 120 124                     90101106252
 139 158 173 181 185 185 179 166 148 126 109 100                     90101106261
 101 114 137 160 175 182 183 181 174 162 147 137                     90101106262
 137 147 164 179 191 196 194 183 165 143 117  92                     90101106271
  76  77  96 127 159 182 191 191 184 173 155 135                     90101106272
 121 120 134 155 178 197 207 204 187 162 133 101                     90101106281
  74  60  64  88 125 161 185 195 195 187 171 147                     90101106282
 124 110 113 130 157 184 203 210 204 184 153 118                     90101106291
  83  55  42  53  87 132 170 193 203 203 191 167                     90101106292
 137 112 100 107 132 166 195 214 219 208 182 146                     90101106301
 104  65  37  31  53  98 148 185 207 216 212 193                     90101106302
 163 130 106 100 116 149 188 220 237 237 218 185                     90101107011
 141  94  53  29  33  67 122 173 207 224 227 216                     90101107012
 190 154 117  95  96 120 161 203 233 245 238 213                     90101107021
 172 124  75  36  19  35  82 141 189 218 231 230                     90101107022
 211 178 137 103  87  98 131 177 217 241 248 236                     90101107031
 206 161 111  65  31  23  50 106 164 207 230 238                     90101107032
 231 205 168 126  97  88 105 144 192 232 253 254                     90101107041
 235 200 153 105  62  36  39  74 133 187 223 239                     90101107042
 239 224 191 148 108  83  82 105 148 194 227 241                     90101107051
 237 215 178 133  87  50  34  48  92 149 195 222                     90101107052
 232 228 207 173 132  97  79  83 111 155 197 225                     90101107061
 234 227 206 171 131  92  63  55  77 123 171 206                     90101107062
 226 231 223 199 164 125  94  78  86 115 155 193                     90101107071
 217 224 215 194 163 128  97  75  74  98 140 179                     90101107072
 207 220 221 209 183 148 113  87  76  85 111 146                     90101107081
 178 200 206 200 184 161 133 106  91  94 117 151                     90101107082
 182 203 210 207 194 171 141 110  85  73  76  96                     90101107091
 127 159 182 190 186 176 161 140 118 105 108 125                     90101107092
 152 178 197 203 200 189 168 140 111  84  67  66                     90101107101
  81 109 141 166 179 183 180 171 154 134 118 115                     90101107102
 127 151 175 191 199 199 190 173 147 119  91  69                     90101107111
  63  73 100 135 163 180 188 190 183 169 149 127                     90101107112
 116 122 143 170 193 208 210 201 180 153 120  87                     90101107121
  62  51  62  92 132 167 189 201 204 197 179 152                     90101107122
 125 111 117 140 171 198 216 221 212 190 156 118                     90101107131
  80  50  39  52  88 135 174 198 211 214 203 179                     90101107132
 145 115 100 108 136 173 206 227 232 220 192 153                     90101107141
 109  68  39  32  53  99 151 190 213 223 221 202                     90101107142
 169 131 101  89 103 139 183 218 236 236 218 184                     90101107151
 139  93  52  27  28  61 115 175 196 211 226 217                     90101107152
 191 154 114  87  83 108 151 196 227 240 236 213                     90101107161
 175 127  80  42  24  38  83 141 188 215 229 228                     90101107162
 211 177 136  99  81  89 122 170 212 238 245 233                     90101107171
 204 160 112  68  39  35  63 116 168 206 225 231                     90101107172
 224 199 162 121  91  85 106 149 195 229 245 246                     90101107181
 229 196 152 108  73  55  65 105 160 206 232 243                     90101107182
 241 223 193 155 120 102 111 144 188 223 243 250                     90101107191
 245 223 186 144 109  89  86 107 149 194 226 243                     90101107192
 245 233 205 169 133 110 102 112 139 177 213 236                     90101107201
 238 221 191 154 119  91  76  82 110 154 193 218                     90101107202
 227 221 203 174 138 107  88  88 107 141 178 204                     90101107211
 214 210 193 167 135 106  87  85 104 139 174 199                     90101107212
 212 212 203 184 156 124  99  88  93 114 145 177                     90101107221
 197 202 193 175 152 127 108 100 107 131 161 187                     90101107222
 203 207 203 192 172 147 123 104  97 104 122 147                     90101107231
 173 190 192 183 169 152 136 123 121 132 152 174                     90101107232
 192 200 200 195 184 168 148 128 112 106 110 124                     90101107241
 146 168 182 183 178 171 163 153 145 145 152 165                     90101107242
 178 187 193 195 194 187 173 154 135 120 111 111                     90101107251
 120 139 160 175 181 181 178 173 166 157 152 153                     90101107252
 162 174 185 192 196 195 188 175 156 135 115 102                     90101107261
  99 109 129 154 173 184 189 189 184 174 161 149                     90101107262
 146 152 166 183 197 206 206 196 178 155 129 104                     90101107271
  84  78  89 117 152 179 193 199 198 189 173 151                     90101107272
 132 125 134 155 180 202 216 219 207 184 153 119                     90101107281
  86  64  60  79 117 158 190 207 214 211 196 171                     90101107282
 142 119 113 126 154 187 215 231 231 215 185 147                     90101107291
 105  68  45  48  79 129 176 208 225 230 221 197                     90101107292
 162 127 105 105 128 167 206 235 248 243 221 184                     90101107301
 138  90  49  30  43  87 147 196 225 239 238 219                     90101107302
 185 143 106  87  95 129 176 218 245 255 246 217                     90101107311
 173 121  69  31  20  48 107 167 211 237 246 238                     90101107312
 210 167 120  84  73  92 137 189 229 252 257 244                     90101108011
 210 161 106  57  26  29  70 134 190 227 247 252                     90101108012
 235 198 148 100  71  70  99 151 203 238 255 256                     90101108021
 238 198 147  95  52  32  47  99 162 210 238 251                     90101108022
 246 219 174 123  81  59  66 104 158 206 236 249                     90101108031
 246 223 180 131  84  52  46  74 129 185 224 244                     90101108032
 247 233 198 152 106  73  61  76 116 167 209 233                     90101108041
 240 233 207 168 123  87  66  71 104 156 201 230                     90101108042
 241 238 217 181 138  99  74  68  87 127 171 206                     90101108051
 223 226 216 194 162 129 105  95 108 142 183 213                     90101108052
 231 236 229 207 174 137 107  89  87 103 135 171                     90101108061
 198 209 209 202 188 168 145 129 127 143 171 198                     90101108062
 218 227 229 221 203 176 146 120 103 100 111 135                     90101108071
 164 189 202 204 201 195 185 171 157 150 157 176                     90101108072
 197 213 221 221 214 201 181 159 136 117 107 109                     90101108081
 123 147 171 188 196 200 200 196 186 171 159 157                     90101108082
 169 186 202 212 217 215 204 186 164 138 115 101                     90101108091
  99 109 129 157 181 195 203 205 201 189 172 155                     90101108092
 147 152 168 188 206 219 223 214 195 169 141 113                     90101108101
  90  81  88 112 148 181 203 213 216 210 194 169                     90101108102
 145 131 136 154 179 206 227 235 227 203 171 135                     90101108111
 100  75  68  81 114 158 195 217 227 227 214 189                     90101108112
 157 129 117 124 149 185 220 244 250 236 207 169                     90101108121
 128  91  66  64  87 130 178 213 231 237 230 209                     90101108122
 176 138 111 104 121 158 201 235 252 251 232 196                     90101108131
 153 110  74  55  63 101 154 200 229 242 242 226                     90101108132
 193 152 114  93  98 128 174 218 247 257 248 221                     90101108141
 180 134  92  62  55  78 127 181 220 241 247 238                     90101108142
 210 170 127  95  85 103 145 195 234 253 256 240                     90101108151
 207 163 116  78  57  65 104 159 206 235 247 242                     90101108152
 221 185 142 102  79  80 111 163 210 241 252 246                     90101108161
 223 185 141  99  69  64  89 140 191 227 245 249                     90101108162
 237 207 165 122  90  80  97 139 189 228 248 251                     90101108171
 237 207 167 125  91  76  88 128 176 215 240 249                     90101108172
 243 220 183 141 103  83  87 117 164 206 232 240                     90101108181
 235 218 188 150 113  90  89 115 159 202 230 240                     90101108182
 238 222 194 157 119  90  80  94 128 172 208 227                     90101108191
 228 215 192 161 128 104  96 110 143 182 212 227                     90101108192
 229 219 199 170 137 107  89  90 111 147 183 207                     90101108201
 216 211 198 177 152 127 113 116 137 169 198 217                     90101108202
 224 219 206 186 160 132 111 103 109 129 158 185                     90101108211
 203 206 199 186 170 151 136 131 139 158 182 201                     90101108212
 214 215 208 193 174 152 131 115 107 112 129 154                     90101108221
 180 195 196 188 179 172 162 152 149 156 172 188                     90101108222
 199 204 203 198 189 175 159 140 125 116 117 126                     90101108231
 144 165 182 189 188 187 186 181 173 166 166 173                     90101108232
 182 189 194 197 197 193 183 168 149 130 116 111                     90101108241
 115 129 151 171 185 190 192 191 186 176 162 152                     90101108242
 151 160 174 188 199 206 204 193 174 151 126 104                     90101108251
  93  96 114 143 170 189 199 203 202 191 174 151                     90101108252
 135 132 144 165 188 205 213 211 199 175 145 112                     90101108261
  83  68  74 102 142 176 198 211 215 208 189 161                     90101108262
 131 112 113 134 168 201 223 232 228 209 177 138                     90101108271
  96  63  49  63 104 155 195 220 232 231 214 182                     90101108272
 142 107  91  98 129 173 213 239 249 242 216 175                     90101108281
 126  79  46  39  66 121 177 217 239 247 238 209                     90101108282
 165 118  83  71  89 134 188 229 252 260 249 215                     90101108291
 164 109  61  31  34  77 142 199 234 252 254 235                     90101108292
 195 142  93  62  59  92 149 204 242 263 268 251                     90101108301
 209 154 100  56  35  53 109 175 224 253 264 258                     90101108302
 227 178 122  76  51  61 106 167 217 249 266 267                     90101108311
 244 199 145  94  58  51  83 144 201 241 263 267                     90101108312
 249 208 155 103  64  49  68 119 177 223 250 262                     90101109011
 258 232 188 137  95  71  78 118 176 223 253 267                     90101109012
 263 236 192 141  95  64  59  85 135 187 226 245                     90101109021
 249 240 214 176 135 105  96 112 151 199 237 258                     90101109022
 262 248 217 176 135 102  83  82 103 144 190 227                     90101109031
 241 238 221 196 166 140 126 127 144 176 211 236                     90101109032
 250 246 229 199 163 128 101  87  90 111 146 181                     90101109041
 205 213 211 203 189 170 150 137 140 157 183 204                     90101109042
 220 223 216 201 181 156 131 108  95  95 109 133                     90101109051
 162 183 192 192 189 185 176 164 155 154 164 181                     90101109052
 194 203 206 203 196 183 166 147 128 113 107 113                     90101109061
 127 148 167 181 188 191 192 189 182 170 161 161                     90101109062
 169 180 191 199 204 203 194 181 164 143 124 113                     90101109071
 111 121 139 163 182 194 201 203 200 189 171 154                     90101109072
 145 150 164 183 200 212 215 207 190 168 143 118                     90101109081
 101  96 107 132 163 188 204 211 212 203 183 157                     90101109082
 133 122 129 150 178 203 219 222 211 190 162 130                     90101109091
 101  81  78  97 132 170 197 212 217 212 194 165                     90101109092
 130 104  98 114 146 183 213 229 229 215 187 149                     90101109101
 110  79  63  69 101 145 182 207 221 222 208 177                     90101109102
 139 102  81  83 110 153 193 221 233 230 211 176                     90101109111
 134  94  66  58  77 122 172 209 229 234 224 196                     90101109112
 156 113  81  68  81 120 170 211 233 239 227 198                     90101109121
 157 112  75  54  61  99 152 198 225 237 233 213                     90101109122
 176 131  89  65  65  97 149 198 230 244 242 223                     90101109131
 185 141  98  67  60  84 134 186 224 243 245 230                     90101109132
 196 152 105  69  55  71 117 173 217 240 246 235                     90101109141
 207 166 122  86  68  78 118 171 214 239 247 238                     90101109142
 212 171 125  84  60  61  94 147 196 228 241 240                     90101109151
 222 188 146 107  83  82 109 156 201 231 244 242                     90101109152
 225 191 149 107  76  65  83 127 177 216 237 243                     90101109161
 234 209 172 133 105  97 113 150 194 227 246 249                     90101109162
 238 211 174 133  98  77  80 109 155 199 227 238                     90101109171
 235 220 193 160 131 117 122 146 182 214 235 242                     90101109172
 237 221 193 158 123  98  88 101 133 175 208 225                     90101109181
 228 220 203 178 151 131 126 139 166 195 216 226                     90101109182
 226 214 191 161 130 103  86  85 101 131 163 187                     90101109191
 196 194 186 173 155 138 127 130 147 172 192 205                     90101109192
 210 206 194 175 152 129 111 101 103 117 143 168                     90101109201
 184 188 185 180 172 161 151 147 151 161 173 183                     90101109202
 191 197 197 190 175 157 140 127 117 112 118 135                     90101109211
 158 176 183 180 177 175 172 166 159 158 162 170                     90101109212
 178 184 189 191 189 181 169 153 136 121 113 114                     90101109221
 124 141 162 179 188 192 192 189 181 170 159 154                     90101109222
 155 162 173 187 200 205 201 185 165 142 120 104                     90101109231
  98 106 127 156 181 196 203 203 196 182 162 142                     90101109232
 130 131 143 163 186 205 214 210 193 167 137 108                     90101109241
  85  77  88 119 157 188 208 216 213 199 173 142                     90101109242
 114 101 107 129 163 196 219 228 221 199 165 125                     90101109251
  89  63  58  80 125 171 206 224 229 219 193 155                     90101109252
 114  83  72  88 127 174 213 237 246 237 207 163                     90101109261
 113  71  48  55  94 150 198 230 248 249 229 187                     90101109262
 136  91  62  59  89 141 192 230 254 262 248 209                     90101109271
 157 104  65  50  70 121 179 223 251 263 254 220                     90101109272
 170 114  68  44  52  96 156 207 241 262 266 245                     90101109281
 201 148  98  64  58  90 149 205 243 265 269 250                     90101109282
 205 149  93  52  36  55 109 171 220 251 267 266                     90101109291
 240 195 143  98  73  81 124 182 230 259 271 265                     90101109292
 235 185 130  80  46  39  68 123 180 223 247 256                     90101109301
 247 217 173 126  91  79  96 141 194 235 256 260                     90101109302
 244 208 158 106  62  36  37  73 129 180 214 230                     90101110011
 233 222 195 159 121  98  99 125 166 206 233 244                     90101110012
 241 220 185 143 100  66  49  58  91 138 177 201                     90101110021
 211 211 203 183 156 128 114 120 145 178 205 222                     90101110022
 228 220 200 171 138 105  80  68  77 105 143 176                     90101110031
 194 199 198 192 179 161 142 132 137 157 181 198                     90101110032
 210 212 204 188 165 139 116  98  91  97 115 143                     90101110041
 166 180 186 189 188 183 175 161 152 152 162 177                     90101110042
 191 201 205 202 192 178 160 140 123 114 116 127                     90101110051
 145 165 179 187 192 194 194 188 178 163 154 153                     90101110052
 161 172 185 197 203 201 189 171 152 135 120 112                     90101110061
 114 127 149 173 190 200 204 203 195 179 158 141                     90101110062
 137 144 159 177 197 211 213 203 182 157 133 113                     90101110071
 102 104 121 150 177 197 207 210 205 189 164 135                     90101110072
 115 110 122 146 176 201 215 215 202 179 150 121                     90101110081
  97  86  94 121 157 187 206 215 213 199 172 138                     90101110082
 107  89  89 110 145 182 207 217 213 197 169 135                     90101110091
 103  82  77  95 132 172 203 219 223 213 188 151                     90101110092
 112  82  70  81 115 161 201 225 230 221 197 162                     90101110101
 125  95  78  83 113 159 199 225 235 231 210 175                     90101110102
 132  94  69  66  91 139 187 220 235 236 222 192                     90101110111
 153 114  86  79  99 141 188 223 239 241 226 193                     90101110112
 150 106  72  57  70 111 163 205 229 238 232 209                     90101110121
 174 132  97  80  88 123 172 213 237 246 239 214                     90101110122
 173 126  85  59  57  86 138 188 223 239 242 229                     90101110131
 199 158 119  93  89 111 154 200 232 246 244 225                     90101110132
 189 144 100  67  53  67 111 164 207 231 242 237                     90101110141
 215 180 142 113  99 110 146 191 227 246 249 235                     90101110142
 203 159 113  75  49  48  77 130 181 216 233 236                     90101110151
 224 196 160 125 102  99 122 164 206 235 246 241                     90101110152
 219 185 142 100  65  50  61 100 152 196 221 227                     90101110161
 221 204 176 142 113 101 112 144 183 216 234 235                     90101110162
 221 195 161 123  86  61  57  79 121 165 197 210                     90101110171
 211 202 183 157 128 109 108 127 158 189 211 219                     90101110172
 213 195 167 134 102  75  59  64  90 130 165 187                     90101110181
 194 191 182 165 142 120 109 115 136 163 185 198                     90101110182
 202 193 175 150 123  97  77  69  77 102 135 163                     90101110191
 179 183 182 176 163 147 131 123 128 143 160 174                     90101110192
 185 187 181 167 148 127 106  89  82  87 105 133                     90101110201
 156 171 176 177 175 169 158 145 134 133 140 152                     90101110202
 165 177 185 187 180 166 149 130 114 103 100 110                     90101110211
 132 157 175 184 188 189 187 177 163 147 136 134                     90101110212
 143 158 177 193 202 201 190 172 150 129 114 106                     90101110221
 110 128 157 185 204 213 214 206 187 161 135 114                     90101110222
 107 115 135 164 191 209 212 200 176 147 115  88                     90101110231
  74  81 108 148 183 206 216 216 202 174 138 104                     90101110232
  81  75  91 126 167 200 218 222 212 186 149 110                     90101110241
  78  63  75 113 161 200 223 233 229 206 165 119                     90101110242
  79  54  53  81 130 178 213 233 238 223 187 140                     90101110251
  93  58  46  66 116 170 211 234 239 224 185 133                     90101110252
  81  41  18  26  69 129 182 216 235 237 218 177                     90101110261
 127  80  49  45  77 135 190 227 243 242 217 170                     90101110262
 114  60  18   1  21  77 141 190 221 238 239 216                     90101110271
 172 120  74  49  57 100 159 206 235 246 238 204                     90101110272
 150  91  38   2  -5  27  88 149 193 222 237 234                     90101110281
 207 163 113  73  59  78 126 180 220 241 246 229                     90101110282
 188 134  78  31   3   5  46 108 163 202 226 237                     90101110291
 228 199 158 114  84  80 108 156 201 231 246 244                     90101110292
 221 179 129  80  40  21  32  76 133 179 208 224                     90101110301
 229 217 190 153 117  96 101 131 173 209 230 235                     90101110302
 225 198 158 112  71  41  31  47  89 138 175 195                     90101110311
 204 204 192 169 139 111  99 110 140 175 200 213                     90101110312
 214 203 179 147 112  80  59  57  77 115 151 176                     90101111011
 189 196 195 186 168 146 126 118 127 150 175 194                     90101111012
 205 203 191 171 146 119  95  79  79  95 124 153                     90101111021
 172 181 183 182 176 166 150 134 127 134 150 166                     90101111022
 181 191 193 184 168 149 129 111  99  97 109 129                     90101111031
 152 168 176 179 179 176 167 152 134 124 123 131                     90101111032
 144 159 173 181 180 170 155 137 122 113 110 116                     90101111041
 131 150 166 177 183 186 185 175 160 140 125 119                     90101111042
 124 137 156 178 194 197 188 171 154 137 123 116                     90101111051
 118 131 152 175 191 199 201 195 179 156 129 108                     90101111052
 100 107 126 154 181 199 203 195 179 159 135 116                     90101111061
 106 110 128 156 182 199 207 206 195 171 141 111                     90101111062
  90  83  94 121 156 184 200 203 196 180 155 127                     90101111071
 106  98 106 131 165 193 211 216 209 189 159 124                     90101111072
  92  72  71  93 133 173 201 214 215 204 181 151                     90101111081
 119  97  93 111 145 180 206 218 218 204 176 138                     90101111082
  99  68  52  62  97 145 183 206 215 213 197 168                     90101111091
 132  99  82  89 120 160 194 215 222 214 190 153                     90101111092
 110  71  46  44  72 121 168 201 219 224 216 191                     90101111101
 157 119  93  87 108 148 189 217 231 230 215 181                     90101111102
 138  95  60  42  51  91 144 187 213 226 227 213                     90101111111
 184 146 110  92  99 130 174 211 233 239 228 201                     90101111112
 160 114  73  43  38  65 116 167 203 222 229 223                     90101111121
 201 167 129 101  94 115 155 197 228 241 239 219                     90101111122
 183 139  94  57  39  49  87 140 185 213 227 228                     90101111131
 215 186 148 114  97 104 135 176 212 233 237 225                     90101111132
 199 163 121  81  52  44  64 110 159 195 214 222                     90101111141
 217 198 167 131 102  95 113 150 187 213 224 222                     90101111142
 206 176 139  99  65  44  46  75 122 166 194 207                     90101111151
 208 199 177 147 116  97  99 123 159 188 206 210                     90101111152
 202 182 152 117  83  57  46  58  92 135 169 189                     90101111161
 198 199 188 167 139 113 102 111 135 163 186 201                     90101111162
 206 195 174 147 117  88  66  59  74 108 145 172                     90101111171
 186 191 191 182 164 141 120 113 122 141 163 181                     90101111172
 195 199 193 177 154 128 105  90  88 101 129 159                     90101111181
 182 196 203 203 195 179 157 138 129 135 151 172                     90101111182
 192 208 215 212 200 183 164 144 128 123 132 154                     90101111191
 179 198 209 213 213 208 194 173 148 130 123 126                     90101111192
 138 160 186 204 209 197 175 149 124 101  88  90                     90101111201
 108 137 166 187 195 194 185 166 140 111  87  75                     90101111202
  79  97 127 159 183 191 187 173 149 120  92  75                     90101111211
  75  95 129 161 183 194 195 185 162 131  97  69                     90101111212
  54  58  83 123 161 187 199 199 183 152 124  94                     90101111221
  74  76  98 139 179 204 215 215 200 168 127  84                     90101111222
  50  34  44  81 131 176 205 220 221 205 175 138                     90101111231
 104  84  87 113 155 197 227 239 232 205 162 112                     90101111232
  62  23   7  23  68 127 177 207 221 219 200 164                     90101111241
 120  82  61  68 104 155 197 223 232 222 190 142                     90101111242
  89  41   6  -2  25  81 138 181 207 221 219 196                     90101111251
 157 111  73  59  76 120 169 206 225 229 212 174                     90101111252
 123  70  23  -8  -8  29  88 144 183 209 221 215                     90101111261
 189 149 103  71  65  91 137 183 214 230 228 205                     90101111262
 161 109  56  13  -9   2  46 106 157 190 212 220                     90101111271
 210 179 139  98  75  79 110 156 196 222 231 223                     90101111272
 195 151 102  55  20   8  28  75 129 171 197 212                     90101111281
 215 200 170 132  98  83  95 131 173 205 222 225                     90101111282
 211 181 139  95  55  30  28  55 101 147 179 198                     90101111291
 207 204 187 159 125  99  93 110 143 177 203 215                     90101111292
 211 193 163 126  91  63  45  46  77 12899999999                     90101111301
9999999999999999 154 121 102 102 126 148 174 196                     90101111302
 191 184 167 142 113  85  63  50  54  8599999999                     90101112011
999999999999 168 154 127 110  99 100 112 133 155                     90101112012
 174 183 179 164 143 119  98  85  83  95 121 150                     90101112021
 171 181 184 184 179 166 148 130 118 117 127 143                     90101112022
 163 181 190 187 175 158 141 127 120 119 125 137                     90101112031
 155 172 181 184 183 177 164 145 126 111 103 104                     90101112032
 117 138 158 170 171 163 151 138 124 113 109 113                     90101112041
 129 149 166 176 180 180 173 160 142 120 102  92                     90101112042
  94 108 130 155 171 175 168 159 147 131 116 107                     90101112051
 111 128 150 167 177 181 180 171 154 131 105  84                     90101112052
  73  77  98 128 153 169 175 174 167 153 135 116                     90101112061
 106 110 129 153 174 187 193 189 176 153 124  95                     90101112062
  71  60  69  97 134 164 181 185 183 172 155 131                     90101112071
 108  99 108 132 162 187 201 204 197 176 145 110                     90101112072
  77  55  52  71 110 150 179 194 199 194 178 155                     90101112081
 128 107 102 116 144 176 202 216 214 197 166 127                     90101112082
  86  51  31  37  67 111 152 180 195 200 193 170                     90101112091
 137 104  86  89 112 148 182 205 215 209 185 147                     90101112092
 104  65  36  25  40  81 131 171 193 203 201 186                     90101112101
 158 122  92  80  91 125 166 198 215 217 203 172                     90101112102
 129  83  40  13  15  48 101 150 183 202 208 201                     90101112111
 178 144 107  81  80 104 145 183 209 220 214 190                     90101112112
 152 108  63  28  12  27  70 124 166 192 205 207                     90101112121
 192 162 124  90  74  85 120 162 195 214 218 205                     90101112122
 175 135  91  49  20  16  43  94 143 178 198 207                     90101112131
 202 180 147 109  82  78  99 138 176 202 215 213                     90101112132
 193 158 115  73  38  19  27  65 117 161 190 205                     90101112141
 208 195 167 131  99  83  89 115 153 187 209 215                     90101112142
 207 185 152 113  74  43  30  47  89 138 176 198                     90101112151
 207 203 185 156 121  92  80  88 114 151 182 201                     90101112152
 204 191 165 131  94  57  32  28  53  98 141 171                     90101112161
 186 191 185 165 135 102  78  70  81 107 140 167                     90101112162
 184 186 175 152 122  90  61  43  44  71 112 149                     90101112171
 173 183 182 173 154 128  99  78  72  82 105 134                     90101112172
 161 176 178 169 152 128  99  74  60  64  88 123                     90101112181
 154 174 182 181 174 157 132 105  84  76  81  99                     90101112182
 124 150 167 173 168 155 136 112  92  80  82  99                     90101112191
 127 153 170 179 181 174 156 130 103  79  65  64                     90101112192
  78 104 134 157 170 173 167 152 131 109  94  92                     90101112201
 105 131 157 175 185 188 180 162 135 105  77  57                     90101112202
  51  65  94 130 159 174 181 180 170 150 124 102                     90101112211
  95 105 130 158 181 195 199 192 172 141 105  70                     90101112212
  45  37  52  87 130 165 186 197 198 186 162 131                     90101112221
 104  89  93 118 155 187 206 208 194 167 130  90                     90101112222
  51  21  11  30  75 124 162 187 201 204 190 161                     90101112231
 124  92  78  89 122 161 192 210 214 202 173 130                     90101112232
  83  39   9   5  32  83 136 176 202 215 214 194                     90101112241
 160 120  88  77  92 130 175 210 228 225 202 163                     90101112242
 115  63  17 -11  -9  24  81 138 179 201 209 201                     90101112251
 175 136  92  60  53  76 123 172 207 221 215 190                     90101112252
 149  98  44   1 -19  -7  37  97 151 178 196 204                     90101112261
 194 157 117  74  51  58  92 139 176 200 209 201                     90101112262
 173 128  76  29  -5 -12  12  63 119 160 185 198                     90101112271
 197 176 139  97  64  52  68 108 154 189 206 208                     90101112272
 192 158 111  64  25   3   7  43  96 144 175 193                     90101112281
 199 189 161 123  85  61  61  86 127 167 193 204                     90101112282
 199 178 140 103  63  34  23  38  84 137 172 188                     90101112291
 197 196 181 142 112  84  68  76 108 138 175 192                     90101112292
 196 186 162 120  92  66  41  44  68 110 147 170                     90101112301
 183 184 179 155 126  98  76  68  85 110 136 167                     90101112302
 176 177 165 140 108  83  72  62  77  95 133 162                     90101112311
 180 188 178 168 144 128 104  89  88  98 115 143                     90101112312
